857
150 811
98 281
543 629
104 2
367 43
331 470
50 409
457 510
3 6
95 77
310 462
615 499
279 44
179 39
119 14
202 518
755 195
28 325
370 481
247 192
337 263
21 73
379 90
4 5
296 342
25 785
419 426
756 315
382 155
160 137
45 44
60 575
580 275
43 782
304 33
102 43
521 442
173 362
274 139
354 120
570 388
50 631
586 552
643 687
80 8
9 237
222 256
389 150
112 259
82 10
80 495
851 576
536 78
152 212
421 633
166 533
123 690
744 450
232 357
267 51
720 126
662 95
327 170
152 392
196 29
286 5
128 20
202 532
7 19
209 82
104 500
533 717
471 395
409 466
120 270
699 569
169 769
303 249
838 852
108 561
183 77
475 606
249 208
108 312
42 358
703 643
741 438
98 787
275 150
279 475
121 12
86 88
719 276
554 441
408 57
232 341
41 747
382 594
272 176
32 70
772 345
254 626
529 746
676 314
770 643
810 339
320 637
101 51
69 100
648 54
542 226
135 551
7 56
337 553
623 306
13 130
267 778
607 29
222 310
514 114
599 749
352 234
211 2
130 181
534 796
412 520
66 22
829 143
832 288
129 163
46 4
226 287
48 205
295 131
839 247
97 524
35 559
232 169
355 241
265 96
436 69
284 175
12 162
208 579
240 201
602 306
659 62
766 543
721 180
208 609
11 9
12 31
2 1
47 262
480 541
133 167
706 133
189 238
677 562
454 750
57 63
374 236
47 117
161 137
349 104
639 359
251 393
319 417
98 48
70 571
127 710
23 225
34 7
4 10
404 234
64 463
122 529
7 618
208 102
76 32
102 105
226 68
393 512
335 40
14 28
173 282
732 722
397 308
768 523
603 3
368 201
60 71
849 723
169 42
150 182
394 290
24 135
187 26
406 773
479 753
689 118
145 80
317 137
22 485
157 192
174 26
38 148
9 805
716 439
410 55
276 209
281 407
702 141
540 484
77 239
134 309
70 134
157 86
498 434
545 197
242 112
804 272
529 827
595 314
173 125
388 90
132 125
492 259
381 331
29 7
112 26
292 375
2 3
106 93
149 62
350 340
113 558
30 336
271 299
441 371
43 72
525 287
434 739
143 656
831 522
97 421
69 1
361 383
167 168
77 78
21 12
29 600
140 170
163 224
280 729
61 28
217 231
279 487
652 598
94 63
103 319
701 696
71 140
559 783
225 422
171 667
119 763
297 373
367 506
406 612
15 235
456 369
599 97
188 427
7 9
47 833
146 24
366 850
58 51
1 133
396 154
268 752
306 440
637 775
206 188
294 668
815 20
125 283
820 724
242 435
58 96
4 54
289 140
181 193
799 335
331 291
287 406
97 661
664 613
835 560
819 232
702 757
711 244
682 588
56 306
55 499
318 109
120 17
391 43
469 173
605 234
695 795
452 267
754 371
467 348
688 762
634 683
93 143
634 265
139 780
751 693
789 252
365 734
176 726
614 537
36 1
480 104
678 256
566 427
115 72
482 38
431 743
217 26
318 666
1 42
263 370
544 436
488 653
185 123
6 7
589 738
791 270
74 199
100 328
99 636
104 285
490 379
549 87
29 229
484 109
553 671
271 153
707 378
118 489
302 130
522 54
43 597
414 208
22 200
177 136
242 333
219 807
196 207
669 253
35 16
142 675
133 248
564 73
287 582
257 572
277 109
23 6
240 630
102 591
483 767
9 57
712 489
516 246
241 60
266 15
313 339
483 349
264 122
141 608
54 546
416 362
178 361
581 63
37 323
359 684
5 419
215 45
680 166
194 453
351 317
324 288
372 235
48 68
147 143
331 649
334 18
822 719
218 223
250 493
214 74
29 825
55 138
631 730
736 415
365 112
60 587
727 323
143 593
402 679
46 153
289 813
248 252
197 102
459 225
246 221
363 429
52 3
515 380
386 215
403 292
814 56
122 171
140 528
565 714
437 349
5 376
198 507
472 33
523 345
71 473
272 517
194 444
647 170
152 90
307 139
111 293
817 82
430 180
77 32
231 779
660 255
32 87
828 338
348 188
661 688
116 21
86 44
584 151
520 802
211 221
50 297
59 6
105 113
836 307
129 390
534 246
330 509
281 301
303 347
31 505
409 468
210 173
216 164
635 9
530 253
117 137
472 794
50 37
491 632
25 107
78 136
449 497
243 764
565 534
300 295
807 853
185 638
8 329
195 120
110 292
848 815
279 621
186 45
362 384
493 556
220 65
810 841
827 842
163 619
273 232
380 513
107 589
118 781
334 601
14 43
14 156
30 89
808 421
428 465
24 203
801 428
86 268
137 154
36 91
7 20
320 158
572 846
823 182
83 51
433 129
226 371
641 595
686 451
840 760
855 410
219 34
152 230
692 218
735 619
838 381
364 777
297 816
321 655
407 847
460 198
48 8
102 377
73 90
320 413
709 231
737 408
112 123
497 547
172 52
793 228
539 477
15 164
346 340
724 474
564 643
261 75
126 5
133 255
809 165
477 18
166 159
159 190
163 330
23 55
672 818
296 4
263 474
845 738
227 129
642 480
452 760
542 588
548 563
25 19
16 278
416 424
569 476
610 172
488 140
2 18
45 693
797 440
591 786
13 103
139 39
578 5
136 178
3 322
189 17
137 771
61 257
310 620
344 128
745 685
92 16
598 530
233 217
548 574
503 242
478 73
673 616
39 60
385 209
812 95
62 15
576 294
682 685
294 133
399 57
139 176
628 594
47 65
27 24
461 256
38 74
297 366
645 638
254 4
299 644
650 698
74 290
402 401
73 99
567 523
113 131
531 403
44 7
23 24
42 398
304 504
79 47
713 332
511 469
103 141
506 776
837 783
37 14
118 555
353 101
24 360
418 64
844 540
261 577
83 363
458 431
1 38
834 242
29 39
317 548
51 33
11 16
415 806
151 625
500 622
159 340
501 376
280 18
207 321
218 171
708 236
309 446
182 657
355 411
447 69
323 740
450 433
843 467
236 143
290 557
108 114
74 694
301 761
326 230
374 434
718 552
388 731
70 457
350 538
604 264
42 151
543 427
315 790
448 93
117 245
55 109
122 61
198 9
81 583
97 55
508 856
593 654
75 4
432 733
13 1
372 585
222 203
14 7
32 41
314 203
462 704
194 332
824 333
39 454
144 201
697 105
263 205
496 91
442 64
48 592
85 64
15 7
700 151
124 34
92 338
491 139
464 285
22 118
11 616
94 596
70 155
166 455
486 133
554 590
127 59
66 401
40 28
311 2
439 385
249 445
23 423
17 10
81 16
658 470
650 497
251 95
12 84
1 4
243 17
725 665
72 315
165 108
442 742
519 413
4 8
291 140
340 420
343 63
438 295
194 31
803 754
184 178
415 672
197 412
387 154
441 613
77 175
209 624
502 141
253 196
449 416
784 661
444 765
111 95
661 788
792 471
14 288
32 25
64 3
72 159
58 108
800 743
