1000 9893
423 45
272 836
171 28
320 652
375 174
146 264
826 486
720 173
332 35
557 534
416 14
312 975
574 811
397 978
144 760
974 569
75 400
920 573
977 572
523 616
726 81
272 921
415 619
770 614
899 790
368 68
667 274
995 929
356 749
714 795
198 248
770 537
628 837
790 476
351 938
568 316
566 987
3 11
62 554
66 697
250 330
862 461
634 436
49 330
927 371
905 816
865 232
831 791
776 615
814 35
288 833
55 197
202 651
72 147
126 42
550 952
441 450
3 455
697 820
478 871
998 110
690 311
528 166
275 583
917 508
538 963
872 819
723 325
797 598
121 539
309 364
312 448
441 156
236 537
592 535
590 6
901 697
650 507
64 868
564 613
379 361
786 747
159 639
107 838
271 849
437 121
522 177
686 644
488 447
200 730
968 873
53 9
539 862
26 903
246 618
559 711
843 708
626 204
829 553
226 734
274 872
962 202
237 775
694 701
857 373
904 303
647 521
389 809
742 649
434 414
13 621
804 840
566 635
717 965
441 570
902 601
592 369
723 745
207 568
647 815
246 470
50 325
320 484
985 166
416 871
515 661
779 439
900 473
832 836
446 356
409 482
778 957
504 928
271 284
213 103
739 448
162 877
622 527
648 272
577 414
634 89
66 669
453 75
398 708
206 397
425 554
136 979
28 577
675 646
748 304
932 63
311 210
187 480
775 675
188 799
981 71
729 613
417 635
805 920
900 940
245 715
102 76
656 440
163 216
2 838
318 948
634 541
875 733
397 717
823 85
1 6
202 897
186 10
153 323
289 690
229 57
157 268
682 637
7 353
263 416
824 486
237 879
705 443
573 961
685 647
318 496
30 452
789 665
994 925
995 428
905 358
513 687
401 405
39 415
142 988
950 567
826 513
32 246
297 982
207 766
759 445
190 1000
764 469
34 620
610 975
866 421
39 765
84 474
564 44
584 930
363 357
916 993
424 511
830 171
435 225
255 288
114 608
758 409
726 891
334 999
883 888
457 306
101 795
732 659
364 367
205 813
761 133
120 763
2 360
131 807
924 760
396 254
304 337
430 241
13 311
141 322
126 128
580 408
844 775
3 353
121 256
646 624
558 92
410 404
7 787
286 355
306 613
713 431
813 114
945 954
840 208
201 410
460 757
741 272
869 9
428 167
410 694
31 346
197 622
968 817
256 80
186 401
281 387
375 935
822 226
574 579
223 627
428 453
306 937
59 611
690 771
341 853
726 360
88 556
307 970
125 623
623 208
256 412
851 989
526 947
731 371
380 387
405 607
497 345
948 240
750 188
952 243
187 910
412 309
46 867
365 499
575 640
429 598
583 117
217 260
934 225
204 518
666 754
260 903
644 714
790 275
757 79
163 293
291 248
308 826
754 854
261 976
690 46
124 854
534 135
568 575
865 60
867 666
338 84
763 861
106 200
876 468
533 981
590 572
521 949
560 925
458 581
687 2
634 738
304 91
451 284
513 265
276 465
189 993
279 847
357 59
68 930
825 745
733 944
111 12
877 581
987 13
570 31
845 167
183 48
90 738
484 1
431 634
34 976
808 995
881 659
276 789
960 814
498 165
389 18
651 835
47 586
48 668
111 339
960 861
125 627
308 21
189 278
62 28
7 645
981 810
319 698
857 372
549 534
90 333
553 595
104 179
646 484
99 25
658 646
799 867
361 883
670 191
623 571
593 636
244 728
61 62
498 760
961 240
268 376
930 845
435 217
308 585
673 708
990 101
807 529
724 337
776 837
24 795
574 503
614 640
946 70
808 123
611 846
631 659
317 999
838 75
767 115
314 863
216 232
634 292
429 126
451 474
872 876
512 909
984 634
90 681
572 833
741 630
297 805
893 795
751 429
145 873
850 46
833 111
133 701
650 361
862 808
315 551
390 183
237 906
897 257
954 850
95 636
811 839
632 360
925 211
160 979
913 431
933 760
788 221
94 700
498 201
392 294
820 814
768 129
19 9
223 361
575 4
668 277
206 601
446 456
769 617
797 301
185 354
721 368
463 655
262 558
449 85
142 112
880 302
130 571
166 165
562 534
416 888
292 283
934 222
22 996
464 916
446 516
160 381
257 725
725 156
922 757
624 1
156 905
753 739
888 630
210 670
819 456
314 640
222 777
390 565
567 601
33 872
767 23
126 357
932 56
782 921
408 500
727 741
33 985
395 222
449 746
927 116
31 67
552 378
609 741
302 553
638 226
713 137
471 137
257 435
422 983
115 99
728 70
873 435
453 543
402 547
534 280
292 659
402 736
997 978
724 638
492 670
203 597
149 359
464 135
142 528
207 249
593 222
7 926
104 61
380 154
329 920
380 636
481 821
130 842
186 574
299 373
997 406
838 922
878 491
346 824
129 726
406 598
887 107
815 510
930 544
398 250
181 746
777 467
709 808
17 914
677 330
401 71
311 732
912 597
909 187
312 597
960 163
832 284
961 184
752 227
844 723
258 234
296 73
429 787
726 747
287 373
658 779
678 334
292 29
365 705
245 27
905 674
568 612
642 311
44 509
933 586
338 222
794 205
693 920
237 173
624 267
606 911
510 21
883 518
754 898
349 510
758 858
444 406
887 866
323 735
803 201
628 370
385 32
867 718
745 442
762 504
659 774
491 42
662 143
77 421
150 467
153 429
797 620
263 80
504 343
379 581
718 150
7 79
484 264
127 841
492 883
458 943
789 105
959 313
281 386
390 236
449 544
820 593
177 753
200 302
437 15
590 127
632 305
376 623
161 69
533 485
294 283
223 387
873 858
232 110
584 259
894 544
879 212
873 619
837 832
750 99
632 692
368 749
795 544
183 125
502 888
322 146
160 249
753 158
192 507
368 380
313 461
448 292
673 445
783 176
476 754
670 514
625 53
554 251
739 846
867 112
391 16
613 604
66 945
433 402
311 593
64 146
183 208
66 544
430 449
527 861
767 376
976 695
71 305
114 788
800 373
144 233
934 960
610 964
387 287
170 917
335 125
28 539
767 94
469 647
397 324
398 701
679 788
370 864
758 823
540 510
84 802
649 128
680 233
681 688
809 395
426 801
961 704
347 717
214 832
585 172
749 865
988 191
182 226
758 977
686 178
779 380
353 392
283 877
290 500
551 720
720 724
663 710
443 355
745 295
564 877
304 43
824 816
975 566
327 769
664 827
607 869
884 158
188 661
262 116
210 317
928 880
90 871
291 277
720 498
516 971
777 257
816 37
375 906
287 592
55 724
539 967
258 886
405 517
723 652
929 139
171 315
254 620
575 146
730 969
927 529
131 185
879 232
755 310
817 205
385 746
560 312
967 885
901 7
687 522
389 819
63 300
706 319
29 332
123 17
655 40
535 19
442 747
735 382
757 722
350 792
77 576
338 832
999 693
543 871
468 835
593 738
79 619
457 718
506 109
187 538
504 902
553 413
559 147
579 689
726 672
452 637
913 5
135 301
737 729
679 730
630 12
118 976
247 756
13 412
182 573
532 968
239 708
106 779
947 339
487 442
513 101
879 916
952 699
343 206
956 131
279 430
11 788
582 77
213 678
680 197
312 264
718 445
495 780
222 588
581 139
28 797
68 338
353 577
125 287
362 947
953 748
595 35
816 276
103 328
474 696
76 724
607 712
256 175
872 523
232 490
897 102
536 290
559 922
660 195
55 651
629 546
940 211
911 498
474 77
20 209
242 21
224 636
426 232
9 320
169 371
730 826
33 90
473 275
418 404
412 186
877 842
302 665
156 543
750 27
403 278
406 587
869 695
816 525
800 898
88 660
751 695
649 99
796 502
839 432
967 127
921 803
79 591
124 78
942 587
339 754
361 878
930 249
70 774
18 997
818 892
395 533
454 112
865 447
847 763
772 756
743 442
305 736
46 510
507 646
291 853
948 693
442 459
574 400
154 455
843 497
334 708
947 431
1000 109
131 858
509 356
28 754
395 209
764 750
988 240
880 969
790 58
546 534
456 80
156 174
442 15
685 193
713 136
297 608
561 275
116 201
297 913
409 751
391 971
820 719
557 152
975 697
979 698
391 856
977 835
612 760
676 36
661 251
609 570
719 565
315 947
483 309
450 214
34 793
717 52
60 793
355 847
618 715
158 430
864 711
591 668
795 583
686 896
752 600
436 187
312 905
367 621
170 491
264 108
467 615
322 318
658 324
581 803
707 272
223 200
291 642
109 887
290 819
934 104
420 602
424 481
946 346
142 367
883 973
758 415
575 767
500 443
430 426
182 731
679 174
373 36
202 574
691 67
17 144
644 843
215 564
117 47
157 904
71 626
776 594
425 516
687 356
488 752
642 423
115 947
645 816
447 592
927 474
534 104
172 489
619 400
552 343
664 945
245 606
963 415
174 474
618 873
508 288
127 542
137 608
11 139
436 692
732 95
609 356
556 165
349 929
298 693
704 592
154 689
102 731
87 109
396 854
879 497
296 243
664 254
387 785
295 160
759 607
156 426
271 907
882 134
989 738
630 268
536 674
601 726
327 352
294 363
5 236
933 512
517 833
817 255
955 796
260 446
687 625
284 36
809 643
576 690
393 356
591 918
55 343
881 130
420 794
667 267
890 176
51 30
731 896
809 974
614 779
373 919
579 724
637 428
212 11
69 398
532 838
386 952
944 876
117 402
524 758
31 966
969 257
953 900
41 886
181 861
745 746
359 74
219 735
878 802
222 141
937 824
26 117
874 273
361 354
489 239
608 685
704 240
729 675
396 310
664 542
955 33
782 885
831 722
599 598
12 358
475 132
992 42
462 386
210 171
488 793
842 548
914 985
612 594
977 331
447 443
530 989
747 609
15 679
841 740
915 621
590 41
202 854
225 671
172 130
101 36
384 914
544 944
713 563
18 427
31 59
155 590
356 197
46 889
215 770
860 597
20 284
773 186
96 650
8 380
778 320
412 198
195 750
483 307
342 131
569 61
256 634
905 67
393 311
69 814
251 199
288 75
569 174
843 827
586 659
37 275
80 301
355 101
677 432
91 687
365 324
882 878
41 406
42 489
943 477
454 250
425 561
79 539
989 617
796 177
111 283
3 226
809 42
39 997
445 334
598 380
781 180
701 125
631 764
690 238
987 784
348 814
247 427
666 327
957 324
54 766
210 843
885 5
675 751
268 47
770 169
330 368
504 67
966 301
658 626
239 421
726 353
296 719
483 589
597 527
659 976
69 930
839 710
516 763
828 309
206 193
323 462
672 809
508 760
625 975
609 450
646 713
67 609
560 778
431 853
768 839
452 208
224 799
668 800
183 976
372 399
437 213
572 528
901 678
759 918
150 762
9 502
912 187
485 249
161 147
549 110
115 521
385 555
243 267
337 818
266 382
214 152
990 904
204 422
705 591
902 163
635 906
483 361
85 421
752 686
238 253
21 601
777 219
470 446
356 328
342 175
604 566
716 472
368 310
313 411
99 891
602 19
416 924
810 36
929 722
860 974
980 416
333 842
784 550
14 479
752 362
184 390
352 632
350 23
44 870
265 659
862 611
184 629
38 368
575 555
870 681
227 697
156 747
957 205
398 600
314 543
792 995
335 391
1000 774
433 187
396 9
163 366
785 553
473 650
771 111
994 366
781 625
174 114
103 56
127 950
58 651
477 195
685 286
278 924
318 857
15 195
270 800
550 584
704 312
814 941
796 712
398 131
804 195
477 485
194 765
46 650
709 202
512 538
205 475
99 808
232 455
231 523
380 839
716 937
664 884
560 133
320 954
195 106
344 108
24 66
483 423
634 877
484 116
716 655
241 361
354 584
6 449
523 233
800 594
394 303
623 72
442 825
773 353
246 629
33 214
920 858
777 247
973 569
946 742
584 711
15 627
45 258
60 632
886 948
400 376
341 1
913 384
507 889
713 950
364 934
899 949
353 627
460 401
65 71
194 357
605 837
382 710
739 3
450 522
734 266
130 652
596 495
706 379
283 470
178 128
790 411
60 188
830 904
373 35
84 42
221 495
593 868
317 956
344 966
897 624
535 34
923 260
482 620
799 377
932 94
827 864
884 887
408 466
444 400
905 527
16 247
325 371
724 725
755 706
825 635
408 321
617 741
230 48
270 875
126 97
519 268
465 951
428 19
362 795
426 508
266 69
417 215
272 702
699 249
742 185
524 452
301 573
929 380
432 820
608 189
9 270
802 85
244 968
660 107
595 534
129 918
431 720
664 413
95 711
336 190
599 215
660 841
535 847
864 740
497 461
995 346
925 443
88 734
325 735
731 372
414 672
402 88
701 404
528 502
687 737
834 119
818 592
47 774
661 341
138 689
657 871
431 20
179 39
476 611
95 155
761 475
338 636
105 947
108 22
75 167
443 731
47 469
921 564
665 629
353 202
923 194
856 31
144 235
92 721
844 576
461 490
500 190
946 48
871 976
706 592
685 469
740 768
84 812
396 416
839 588
970 781
975 60
337 504
616 925
67 531
344 704
720 839
44 257
853 833
361 387
417 401
2 781
901 943
188 544
949 947
56 702
205 527
498 367
633 408
341 675
150 735
413 103
897 314
973 111
167 952
298 825
608 456
494 221
422 334
761 970
99 687
485 422
829 513
100 195
470 437
240 454
467 689
657 545
565 168
14 166
198 579
169 780
174 552
181 544
536 977
891 903
503 469
416 863
867 110
649 807
722 919
265 558
52 674
623 693
516 17
990 104
368 482
83 332
191 825
412 570
344 864
217 406
543 215
259 312
331 426
615 730
728 6
250 342
838 63
987 787
788 864
516 311
735 845
334 750
998 593
698 597
199 512
448 367
701 862
225 141
135 792
582 67
325 442
201 228
333 914
775 712
656 80
196 425
470 728
931 86
54 795
435 775
24 730
478 875
962 864
732 154
443 385
410 634
386 685
552 703
298 763
374 515
124 313
175 943
803 334
845 247
737 470
725 801
944 136
458 165
824 462
807 319
935 458
259 893
884 402
523 204
102 945
601 668
927 614
87 133
164 934
471 298
807 140
280 431
284 335
661 863
180 603
56 150
987 349
369 113
794 856
542 474
946 707
33 186
740 760
772 347
313 410
702 156
668 276
482 291
251 486
412 90
622 983
553 588
865 866
597 283
565 317
382 683
146 157
700 532
203 468
187 971
44 976
635 457
636 870
838 750
792 710
35 636
882 629
810 470
106 587
164 175
58 950
97 132
48 402
825 795
653 29
856 215
585 959
535 25
615 847
737 487
605 341
182 398
986 750
757 10
618 473
463 403
103 136
431 924
296 684
244 98
974 200
541 906
608 965
935 938
612 658
349 697
442 13
996 596
204 915
818 480
267 106
577 787
936 619
334 134
138 405
357 239
929 486
585 324
362 695
751 307
458 950
450 306
198 956
932 590
111 65
536 465
279 993
986 275
125 869
346 114
534 633
520 832
287 514
52 256
293 570
186 586
152 342
560 371
119 248
265 89
450 71
878 127
646 129
226 766
686 902
104 222
414 581
63 904
135 966
777 71
411 961
567 634
569 229
626 462
759 46
852 636
982 267
518 617
614 914
540 977
396 32
105 982
770 554
992 742
792 802
652 522
523 914
563 225
47 48
680 835
51 14
349 168
481 464
672 295
770 844
684 778
995 731
212 215
343 959
698 666
398 676
757 125
64 454
961 584
503 961
28 449
737 993
297 576
228 764
317 669
139 357
936 809
81 918
776 690
135 241
232 518
714 354
953 554
385 86
442 33
708 324
12 467
326 944
345 858
346 389
388 172
384 106
257 412
167 689
997 866
948 801
210 487
332 854
383 716
262 937
377 843
252 29
493 229
156 253
831 205
523 276
946 937
945 634
488 507
986 102
53 77
735 316
422 434
117 826
8 322
794 865
207 341
930 353
53 254
373 593
946 651
912 775
179 264
62 247
37 564
394 693
787 182
40 977
866 325
423 514
100 925
853 185
255 371
471 790
476 636
97 625
80 609
821 524
572 390
899 846
296 153
297 224
174 862
411 376
982 753
164 144
705 156
69 285
606 76
990 175
338 302
965 979
258 495
150 33
482 625
563 776
379 919
729 560
986 493
715 581
274 773
442 227
122 140
390 643
927 440
548 35
236 951
992 189
439 242
315 448
569 933
141 580
864 103
257 79
719 939
408 205
318 624
751 506
609 277
42 638
336 351
621 794
870 48
788 487
306 742
229 392
367 114
388 533
582 691
368 991
497 829
262 917
726 430
764 853
466 752
881 663
347 287
462 652
578 657
232 77
470 91
492 64
441 839
613 953
685 604
356 342
696 971
825 169
312 980
227 195
781 750
138 624
782 313
75 407
4 921
354 33
43 693
249 488
47 805
621 384
878 273
408 945
463 981
857 26
56 311
934 182
238 547
773 892
888 896
613 637
89 305
57 723
69 352
329 243
847 657
384 968
600 82
412 938
768 404
575 377
665 361
117 229
410 135
712 539
965 951
431 903
277 341
425 578
796 631
581 231
402 452
931 968
2 972
573 387
940 650
228 692
279 536
304 236
353 146
183 188
186 128
884 991
336 541
339 482
489 49
567 218
736 94
384 163
663 743
117 286
621 877
802 841
250 890
141 761
200 139
402 332
71 649
534 368
737 721
59 848
153 283
232 380
34 46
252 654
399 282
310 835
115 425
78 223
870 267
52 446
676 592
751 252
642 576
129 947
204 337
59 574
99 637
510 678
543 256
871 695
15 347
329 992
399 56
592 810
151 683
378 415
198 777
122 603
69 895
195 716
800 328
829 661
298 207
528 297
783 68
273 495
146 11
844 118
792 553
709 816
624 712
17 510
972 274
352 907
4 12
723 748
557 936
425 415
140 508
472 20
456 953
113 294
187 571
39 570
562 741
49 574
857 999
934 813
717 691
477 371
905 569
935 398
951 682
115 698
352 344
408 730
192 177
799 502
586 449
219 744
771 81
553 938
232 781
315 238
729 511
32 665
657 718
624 227
152 700
221 171
210 956
887 922
980 296
193 650
983 603
876 393
584 896
30 573
480 68
837 498
702 944
828 731
22 262
347 500
500 772
634 682
515 387
298 732
264 580
872 761
328 843
37 941
775 243
154 715
893 142
188 967
365 13
424 793
924 606
901 442
744 209
748 649
621 661
218 216
937 622
740 101
347 613
449 388
892 168
565 126
749 241
52 39
943 640
113 23
866 463
998 772
855 901
325 650
398 254
611 353
965 212
229 730
123 331
452 57
679 296
933 300
302 261
692 149
514 693
515 756
614 866
857 963
787 1000
771 431
700 287
559 84
909 5
69 312
269 934
640 774
443 927
706 539
672 663
750 992
148 696
535 60
59 367
631 599
796 520
504 14
857 526
745 557
972 252
267 427
894 142
77 330
112 578
594 826
978 413
120 77
671 962
343 269
70 463
756 218
274 494
979 893
908 263
976 578
759 826
995 979
963 273
569 618
405 222
471 30
128 96
202 817
497 903
67 117
621 966
110 309
191 631
410 853
555 361
723 370
828 803
133 915
172 959
493 117
55 914
665 586
578 317
650 158
65 918
302 869
513 654
56 79
963 762
730 19
559 903
388 5
407 299
787 185
187 901
381 915
751 367
448 454
633 763
235 782
182 779
807 616
421 445
726 664
857 991
108 167
201 771
905 276
296 131
795 17
965 833
629 500
156 604
602 956
107 502
698 703
519 112
121 182
491 996
827 142
650 909
561 350
300 774
358 20
106 53
272 367
598 385
168 770
10 447
321 683
893 882
914 837
607 720
132 878
519 370
619 270
984 897
234 288
436 740
988 985
845 832
813 226
963 269
90 867
245 81
677 851
133 214
769 501
682 574
137 355
601 646
566 196
414 849
77 905
423 157
321 383
570 890
733 734
111 350
704 324
208 110
398 404
838 35
265 481
415 819
990 701
757 182
818 65
413 465
227 416
175 64
657 827
293 53
518 566
812 284
308 598
458 71
296 118
245 189
134 958
250 229
13 7
667 548
391 265
222 135
118 223
596 144
892 18
344 785
73 245
236 359
280 569
299 470
534 924
334 287
689 828
942 94
33 816
883 450
79 201
672 957
311 214
864 405
292 902
167 538
225 365
614 193
817 644
263 7
104 991
693 766
289 648
452 76
326 685
202 919
846 404
208 472
462 413
465 463
102 900
54 59
590 921
295 263
152 47
996 400
176 149
214 300
987 108
200 362
366 91
792 110
116 518
981 518
824 447
837 69
971 560
243 760
448 669
613 75
171 168
659 925
507 112
697 32
826 631
631 232
907 986
433 867
900 251
237 457
5 451
855 593
613 527
355 275
193 220
913 413
571 803
754 471
203 423
169 91
28 266
133 319
499 621
154 336
205 771
95 499
227 523
600 47
714 27
950 949
179 989
770 136
245 292
820 421
620 880
159 116
552 464
426 741
577 547
248 647
266 842
300 64
72 26
224 847
535 595
79 451
104 757
279 80
489 445
272 597
402 540
28 186
492 984
651 83
64 983
138 98
268 745
21 311
790 585
873 208
802 76
404 272
868 989
981 538
980 963
674 114
548 655
609 943
935 757
29 238
159 895
75 368
668 459
83 861
968 617
666 804
425 146
173 820
778 662
378 146
808 621
19 262
764 905
939 425
49 895
891 976
138 664
52 838
914 105
716 221
596 635
298 450
30 789
35 653
348 604
238 728
393 825
45 540
27 49
231 305
51 821
550 431
681 44
282 225
959 745
826 906
804 302
194 652
435 389
350 272
357 764
781 74
785 143
588 596
741 838
614 476
903 464
617 121
583 467
969 75
932 89
10 521
945 210
241 893
957 619
651 256
889 781
374 967
714 352
510 263
966 776
222 667
387 994
814 831
951 226
602 606
245 971
855 262
973 100
756 505
850 898
56 844
565 669
72 286
475 971
121 823
837 553
824 392
822 151
381 509
265 779
722 257
402 949
354 474
892 94
531 880
366 365
77 710
14 201
189 555
576 694
811 305
284 87
696 668
341 34
472 175
181 713
331 212
423 572
428 918
30 998
386 658
765 780
562 438
542 184
588 779
948 722
38 300
61 133
209 914
726 665
106 638
782 485
930 914
880 73
787 519
628 927
741 180
636 654
838 470
676 309
179 887
843 300
204 738
64 437
175 483
692 575
396 460
552 138
914 529
844 978
575 861
850 403
79 71
209 326
710 943
325 451
470 394
455 832
496 959
334 435
214 837
675 469
479 141
240 391
975 430
941 10
503 982
135 799
528 177
379 759
345 779
917 481
443 358
694 253
801 61
988 986
491 658
720 600
917 82
42 636
98 784
15 675
661 93
419 606
132 653
974 396
64 799
656 563
626 42
896 66
57 458
330 639
868 774
836 291
637 223
215 937
823 558
848 240
189 590
650 32
686 738
428 887
121 956
566 372
933 607
328 610
431 304
522 998
82 945
677 602
95 949
223 128
484 764
311 893
517 50
463 550
265 369
322 354
571 937
295 527
648 142
688 703
293 64
416 850
71 242
130 704
458 245
175 762
460 555
282 775
662 199
212 452
620 329
161 898
75 836
402 492
80 734
385 903
362 504
948 615
112 207
334 52
701 121
887 38
597 952
340 471
13 407
876 129
70 72
571 597
944 609
452 792
5 836
510 125
184 921
974 812
188 993
193 861
598 974
289 542
567 167
291 323
571 160
37 708
242 598
115 796
305 309
138 365
466 142
603 627
953 608
884 72
152 129
336 686
176 7
997 42
787 641
608 26
275 701
827 504
629 956
44 6
137 700
998 323
140 561
324 278
628 196
702 583
3 698
333 32
673 835
507 277
698 502
789 797
132 496
958 956
6 473
834 758
820 901
342 449
328 527
809 931
722 419
725 512
262 774
621 687
824 303
294 183
830 453
299 271
781 703
666 828
534 813
762 630
302 525
533 246
514 909
482 401
429 758
873 704
51 188
290 808
57 531
799 742
922 521
942 588
533 17
948 293
256 791
614 836
889 331
304 767
14 338
136 764
641 833
827 634
149 602
460 813
559 35
566 102
987 880
749 318
830 754
690 97
139 493
947 434
989 51
975 64
953 36
281 108
136 937
908 63
34 396
35 189
555 818
142 505
940 872
68 179
505 639
885 692
586 428
569 995
271 623
599 651
450 414
196 174
91 400
867 81
38 697
789 95
997 988
396 943
695 261
115 391
320 813
729 389
290 281
552 956
954 880
856 830
12 878
271 35
236 996
658 672
958 811
194 44
161 413
730 829
459 144
958 186
216 443
532 363
570 930
851 978
167 304
961 487
389 886
119 27
66 133
861 843
446 793
30 306
496 234
21 859
207 628
487 119
307 2
109 882
4 226
44 951
687 815
339 661
527 214
160 288
490 619
399 27
633 761
268 6
330 510
213 805
472 353
884 761
961 803
423 161
400 797
503 786
249 994
835 935
838 122
623 972
849 851
939 901
979 176
5 219
603 876
889 163
447 992
978 411
300 179
747 346
418 930
864 94
920 288
477 453
940 995
278 670
672 822
3 661
793 368
152 104
468 490
267 873
841 604
62 984
467 970
673 779
836 449
432 903
470 195
362 584
220 574
149 502
81 480
483 340
555 413
513 787
398 271
309 240
518 12
426 60
930 380
308 56
517 844
220 860
920 698
815 555
907 916
503 175
749 211
489 869
165 354
299 740
653 525
674 1000
235 738
62 325
288 258
736 956
164 445
971 7
800 173
730 418
89 474
951 974
74 398
475 335
448 119
335 780
531 412
771 397
828 713
518 874
154 393
315 586
54 614
68 137
58 621
562 491
496 237
823 470
540 500
847 186
818 242
931 977
624 301
272 210
58 335
735 523
847 77
261 874
98 604
270 984
89 775
419 146
405 75
339 459
513 258
436 631
418 966
384 218
516 659
776 800
249 570
158 924
346 52
896 293
456 252
862 932
885 589
906 962
980 695
530 982
747 612
305 457
988 842
439 514
650 463
744 510
232 146
660 164
954 953
223 604
777 960
815 888
871 890
691 774
879 304
270 391
554 687
474 226
424 979
332 196
406 839
691 951
838 826
489 551
272 971
151 753
703 36
119 189
507 199
215 654
753 291
327 464
863 290
664 364
316 551
78 642
605 999
97 933
554 423
187 818
612 241
338 826
579 776
526 769
714 545
716 151
610 910
703 363
193 246
882 762
387 50
83 739
230 598
109 987
929 320
517 356
810 510
776 162
83 336
544 206
191 805
624 28
142 475
524 521
739 317
614 699
732 594
435 508
537 548
790 310
847 259
831 910
209 119
226 459
853 670
987 644
71 561
719 197
781 191
178 313
182 337
373 426
966 689
714 866
951 7
489 54
788 672
129 101
167 741
977 281
29 708
431 848
840 239
789 58
206 996
188 695
232 383
949 772
347 94
314 269
565 724
512 448
38 636
167 88
314 508
764 792
327 662
537 625
596 941
85 416
912 932
803 545
398 455
365 112
458 594
721 216
796 302
834 921
321 202
88 747
679 35
916 759
939 318
43 773
745 758
360 927
677 462
604 674
716 36
945 500
596 754
961 395
315 130
1000 873
731 545
36 553
53 469
840 542
829 372
832 408
562 529
670 604
463 58
629 417
109 798
502 702
23 402
57 748
387 447
688 954
999 778
891 645
529 122
641 832
248 132
416 605
890 126
60 4
443 884
743 257
853 705
676 334
325 120
164 58
638 543
157 815
545 967
767 28
707 492
504 100
824 963
141 423
14 911
823 143
137 876
369 110
438 90
811 732
595 197
300 95
638 229
509 975
42 930
136 217
135 431
708 499
836 200
204 70
827 263
952 438
559 836
358 655
622 456
950 451
76 468
383 808
764 809
711 754
365 949
793 437
712 291
751 898
138 981
782 474
677 640
345 175
184 107
773 253
545 118
352 844
248 781
66 130
549 727
108 265
270 8
476 741
294 946
425 33
100 997
416 812
127 396
900 22
691 427
914 246
992 762
848 638
585 637
969 670
217 417
848 525
44 726
321 643
322 764
605 403
662 858
520 895
297 426
615 798
282 30
912 249
966 76
455 969
25 304
124 842
275 824
224 144
97 390
443 126
106 220
931 901
434 599
348 49
485 818
11 931
233 215
70 450
880 634
185 916
685 31
267 138
145 810
419 471
543 22
301 935
730 555
638 912
585 356
993 543
544 827
797 647
410 801
508 28
646 948
834 652
266 416
786 555
533 494
864 923
958 885
124 67
231 439
289 242
243 631
798 813
661 507
395 502
651 573
726 211
229 537
74 602
990 708
384 58
83 1000
341 32
269 259
133 340
970 334
9 862
691 278
608 197
865 543
972 341
117 378
812 814
62 469
744 652
875 418
88 112
929 526
257 741
347 913
830 990
944 793
320 3
302 151
782 925
252 786
571 730
808 248
274 716
540 215
10 870
376 282
672 327
782 780
254 287
370 776
317 987
301 438
670 961
109 936
992 851
774 767
666 412
206 461
465 865
504 45
550 570
352 739
349 975
215 502
254 72
451 756
998 123
715 935
55 414
577 922
120 219
482 777
54 82
486 265
751 375
438 300
598 457
708 90
301 540
103 656
472 674
645 108
954 838
239 894
974 317
261 190
764 849
376 658
860 444
43 122
320 645
855 251
582 849
752 696
806 421
246 625
989 881
839 113
405 736
981 833
358 768
57 795
26 842
803 866
791 561
407 328
635 179
508 877
674 525
331 242
406 640
668 211
100 957
421 461
60 259
174 783
573 219
179 922
353 376
995 825
814 479
50 440
947 186
610 64
257 804
176 622
505 406
128 705
774 840
611 886
830 724
465 512
83 433
283 691
12 83
729 487
624 251
571 452
64 258
746 802
306 451
111 628
610 277
775 711
210 103
197 891
561 456
672 815
738 480
667 740
524 171
394 64
215 248
452 222
788 272
613 261
287 684
327 627
682 654
781 90
738 770
246 833
641 227
863 978
3 906
777 995
225 814
122 706
587 916
552 849
995 443
388 811
262 772
66 413
375 133
215 497
654 66
203 796
755 283
226 727
730 39
697 406
492 374
494 476
242 333
504 437
69 797
91 528
539 484
223 119
597 321
891 969
142 107
825 427
829 371
443 568
904 54
446 701
975 420
662 605
303 909
435 317
737 653
773 749
903 690
192 6
155 138
28 436
654 352
715 916
115 702
648 281
5 900
348 219
748 410
18 529
181 431
614 567
889 20
853 689
284 136
838 175
913 772
879 945
433 706
257 888
535 133
477 221
285 609
462 179
548 16
325 409
533 932
615 40
980 411
324 199
163 195
1 236
685 58
104 617
987 318
774 368
150 446
335 630
637 306
251 635
385 367
774 259
632 174
707 974
168 792
746 104
713 636
452 464
897 357
994 803
384 882
975 932
209 205
266 284
582 782
566 131
822 632
916 438
225 955
48 604
748 645
285 129
111 403
905 12
319 870
810 115
95 911
294 832
298 175
781 562
998 824
754 276
517 8
995 2
844 485
973 711
558 719
1 812
28 250
212 399
912 589
862 193
991 487
64 142
252 717
550 518
568 270
773 705
84 48
141 151
969 366
666 278
80 823
28 527
892 846
145 749
519 983
907 507
297 570
500 215
572 35
24 633
155 805
176 788
227 652
487 328
914 714
684 692
462 62
690 357
432 125
785 575
989 311
21 5
701 611
475 989
712 900
287 838
107 828
82 388
798 342
968 125
59 668
45 417
471 395
972 684
628 930
410 928
188 33
256 353
980 994
346 962
39 37
385 646
483 167
411 642
412 249
584 666
379 118
604 581
958 84
706 543
161 296
846 681
890 473
429 683
194 464
964 732
549 859
436 388
203 403
166 229
494 758
44 917
128 689
227 281
527 820
51 103
1 846
753 833
148 907
459 762
942 757
326 110
274 717
317 873
175 383
952 568
496 724
437 314
527 673
690 84
268 2
127 999
218 897
132 674
996 932
689 788
705 538
404 945
352 98
723 85
500 90
380 560
452 965
913 605
645 942
206 236
447 133
29 589
874 58
55 409
422 900
558 496
197 952
755 962
171 277
978 159
427 943
428 380
492 847
76 398
615 423
104 863
447 49
565 766
988 763
609 522
919 955
901 732
495 293
983 48
659 486
534 570
795 742
632 452
156 308
778 297
30 261
990 404
53 172
953 118
898 817
578 285
88 529
740 465
472 880
130 778
238 859
419 927
344 298
416 119
164 765
167 506
208 745
905 213
356 433
359 594
415 972
330 852
501 73
647 829
9 889
468 954
456 898
597 569
75 232
777 380
672 390
670 753
674 748
622 654
807 520
378 794
753 766
292 462
934 917
24 868
41 202
459 631
67 838
486 780
110 1000
143 817
992 897
22 162
461 578
790 773
379 985
533 542
813 265
295 767
421 512
975 105
278 907
649 741
727 728
84 846
124 883
988 228
715 612
737 44
120 26
802 608
451 338
966 695
633 348
846 408
116 253
565 358
915 545
96 353
667 660
693 412
529 651
419 639
3 892
102 666
380 24
642 605
744 363
962 318
848 441
208 24
760 533
834 868
707 14
213 345
651 336
539 729
491 467
63 507
711 447
682 195
269 505
731 690
659 81
312 868
630 420
497 280
117 543
320 319
945 813
981 70
428 970
455 419
312 723
477 743
259 332
614 1000
670 578
912 610
711 114
786 71
311 608
717 733
729 183
468 77
26 465
463 202
69 335
987 964
345 524
532 773
317 913
340 502
269 782
370 849
296 884
315 176
865 435
743 144
656 148
89 931
254 423
465 128
281 153
266 838
261 799
439 634
870 797
173 195
563 839
784 104
491 928
516 567
439 128
685 168
339 910
909 928
519 815
932 263
591 2
319 463
528 252
654 844
219 171
715 878
756 114
538 813
983 805
842 615
301 314
591 288
137 733
108 816
293 962
555 499
150 665
651 932
986 488
930 664
354 579
212 869
530 574
125 976
608 502
167 207
78 478
794 791
890 736
947 539
711 530
218 165
420 697
481 957
464 301
825 977
5 939
776 496
968 621
626 121
541 224
671 84
1000 286
67 773
386 539
939 429
649 126
147 686
649 784
43 513
699 543
459 274
240 113
154 257
502 209
106 518
966 160
35 542
329 317
432 674
614 758
526 392
283 486
662 856
757 214
26 246
779 540
652 358
466 273
302 91
729 429
109 691
885 50
740 875
241 187
434 706
894 622
738 276
685 379
548 228
158 639
784 706
484 467
581 75
444 192
185 922
292 986
98 921
63 921
110 476
185 779
760 913
964 123
988 865
627 163
726 167
266 479
642 914
516 622
870 818
881 749
650 8
172 948
787 933
195 365
468 696
570 867
354 470
123 159
627 287
354 329
544 761
605 896
821 195
881 88
276 712
990 853
386 767
976 259
740 356
624 616
378 916
363 200
734 489
457 259
311 424
832 369
101 980
526 501
965 699
503 748
487 171
456 84
145 430
124 551
348 723
298 356
719 460
135 527
727 977
861 875
58 616
352 261
689 954
118 892
823 25
356 929
628 697
154 182
887 936
514 214
862 766
372 110
300 771
283 961
695 931
275 967
205 698
392 705
170 879
175 690
453 444
864 125
33 762
487 589
599 844
232 262
125 197
487 930
971 813
309 398
349 925
632 231
382 764
781 458
979 634
723 765
195 43
54 370
57 462
593 140
186 298
461 340
501 807
877 716
716 718
20 181
631 509
499 768
507 107
185 483
318 1
949 481
510 79
422 35
887 181
605 996
660 731
517 62
593 328
632 786
348 480
643 616
168 312
311 750
347 721
39 703
443 542
830 158
172 329
778 573
891 924
838 645
855 569
36 647
26 454
700 766
60 285
304 727
880 26
810 509
676 454
129 587
4 475
888 612
46 186
283 260
364 425
166 401
844 611
776 387
136 546
466 473
7 500
624 253
790 164
303 957
794 43
923 453
121 341
106 131
414 208
990 431
480 52
392 950
743 77
603 966
508 386
664 578
764 691
72 706
324 691
405 221
60 70
889 954
284 898
257 775
909 669
2 667
820 611
805 4
56 976
781 908
607 977
702 587
59 711
27 19
79 769
306 916
200 367
521 411
445 595
621 538
949 35
933 750
773 373
540 512
461 457
294 590
85 429
177 786
363 711
414 961
597 450
502 782
998 643
270 128
716 464
384 515
598 536
159 932
806 161
758 615
18 75
44 975
958 335
653 675
286 916
69 556
714 979
239 924
311 611
352 624
424 413
406 285
743 604
359 343
514 602
526 429
202 97
735 793
387 305
637 795
601 285
608 527
550 358
144 93
885 93
761 103
429 199
766 752
72 988
447 551
295 627
689 172
171 948
413 996
776 876
448 749
638 232
146 880
495 973
864 37
963 315
747 400
370 357
173 931
597 951
172 179
711 862
475 994
895 385
811 780
59 739
232 237
988 700
592 893
774 35
928 415
30 307
786 597
90 70
808 933
661 371
569 122
65 908
742 582
708 946
454 638
775 677
26 785
906 560
961 330
228 351
122 966
363 528
164 679
437 757
39 353
43 866
562 974
63 367
502 901
226 879
913 376
986 862
949 330
677 368
36 584
498 679
448 496
947 982
70 859
71 182
164 276
681 134
511 959
203 326
866 154
45 535
508 919
988 113
620 28
499 765
830 515
799 464
982 974
516 502
117 445
559 432
582 115
886 679
10 562
227 776
546 704
504 387
712 680
396 267
988 173
275 938
991 970
617 749
923 570
488 919
567 235
965 335
138 289
399 442
861 379
864 193
885 629
798 340
487 953
627 162
510 490
172 56
928 733
202 957
582 590
661 181
294 390
612 645
573 905
137 329
677 847
750 271
459 338
77 927
519 200
975 954
997 222
138 869
111 320
629 989
426 56
601 590
341 203
53 199
2 485
869 357
997 432
256 797
655 222
566 399
678 853
866 493
887 65
947 788
195 539
908 601
212 318
911 870
491 257
934 141
579 590
654 60
696 370
74 394
40 246
350 471
460 659
445 289
982 520
415 665
952 998
992 520
44 693
637 850
691 166
984 476
527 980
895 142
395 565
145 318
80 747
974 571
421 665
266 602
791 293
199 532
607 427
633 100
504 48
693 962
107 381
415 76
205 552
709 104
124 984
231 788
803 239
435 819
676 561
478 887
101 504
980 477
528 182
175 701
128 804
58 429
521 819
560 871
566 10
656 266
362 871
134 902
220 329
975 715
832 587
300 433
471 434
855 289
34 5
772 811
6 504
348 421
594 461
692 948
944 228
103 653
622 391
345 601
767 762
568 762
988 757
132 508
731 838
703 834
266 323
985 617
378 386
73 118
556 823
995 273
81 337
882 901
426 186
223 143
905 74
587 344
180 210
143 462
70 190
790 799
406 532
47 802
621 121
715 252
964 446
141 235
142 189
776 215
481 807
548 351
221 269
850 616
120 608
174 893
172 636
326 72
398 581
386 917
776 309
690 231
247 718
359 16
197 437
79 99
917 588
620 232
957 347
944 614
687 182
92 316
241 990
93 21
810 687
80 896
741 441
13 372
107 345
257 130
404 855
542 725
616 993
157 617
768 562
383 589
25 15
903 156
634 525
214 725
698 814
383 978
210 132
309 368
185 834
992 446
519 477
977 430
659 550
676 712
915 912
37 946
182 902
782 538
622 419
289 93
70 344
176 785
467 902
543 265
308 222
238 27
596 937
78 448
996 67
394 387
180 400
193 756
226 722
542 450
212 545
584 724
215 686
947 761
845 307
855 960
265 263
85 142
322 208
477 628
632 815
463 513
265 656
40 912
834 294
641 311
437 803
335 360
321 778
965 737
731 963
398 950
754 544
829 82
764 966
524 544
654 359
285 532
880 150
308 935
615 65
240 821
41 804
944 947
338 350
49 273
922 982
960 141
707 530
463 490
966 503
699 296
137 775
64 353
818 182
379 852
513 428
560 961
451 208
541 898
689 38
288 1000
646 531
6 882
797 925
64 527
708 360
284 274
680 457
898 256
93 652
684 497
777 721
96 271
704 590
779 156
334 785
702 677
343 53
237 304
256 255
801 509
313 2
372 539
963 88
197 656
475 786
190 299
798 938
121 910
693 144
474 166
578 720
137 14
308 33
901 548
493 27
366 347
498 883
47 900
433 816
143 401
238 785
630 535
543 912
131 137
627 547
189 196
925 752
854 222
644 136
866 296
959 561
17 108
276 25
682 342
22 927
226 58
869 772
670 719
110 364
19 603
719 490
982 704
50 127
767 478
144 780
17 142
3 79
120 775
567 599
827 778
455 965
45 841
767 369
842 197
940 698
154 195
581 184
270 961
714 283
776 698
20 38
339 306
103 309
859 699
197 816
605 83
37 647
663 695
903 228
435 329
217 515
983 858
758 28
345 674
841 869
112 807
383 7
353 579
422 633
833 806
464 207
927 768
893 145
670 34
750 268
110 175
206 706
707 59
376 745
507 65
897 503
226 555
354 468
925 1
930 377
497 452
706 144
545 22
891 631
143 927
502 998
947 791
435 23
317 19
284 220
522 512
482 197
238 591
692 880
143 568
628 886
511 82
903 870
482 180
635 358
636 533
32 907
343 885
491 46
628 997
175 504
935 98
547 675
248 489
268 430
736 526
866 897
896 766
913 816
272 184
553 217
352 502
206 465
409 113
687 258
767 208
314 860
187 36
318 798
33 926
909 917
949 664
641 735
328 315
533 985
456 3
534 2
112 613
297 299
760 209
45 79
104 533
176 898
304 87
310 93
112 756
99 794
385 735
286 218
440 742
93 756
721 811
944 22
963 242
76 393
314 370
135 256
301 536
950 607
903 318
684 223
427 78
543 276
603 41
254 667
322 43
485 429
53 169
845 445
741 252
368 348
235 594
378 498
323 431
798 311
513 739
404 874
259 695
61 767
557 666
616 106
212 637
108 318
99 476
846 648
596 731
389 768
820 483
71 91
972 230
351 37
938 914
71 232
476 600
972 373
630 377
430 377
412 668
86 495
696 271
53 670
681 221
166 407
424 50
398 586
58 923
39 876
621 410
64 120
136 597
709 664
842 59
259 300
5 829
634 441
746 671
586 36
970 967
379 668
705 402
779 695
959 947
514 184
680 176
560 550
377 339
980 387
729 645
418 884
821 55
77 401
991 781
741 634
708 373
882 867
159 191
287 906
242 675
738 572
590 4
323 958
805 489
292 611
594 31
831 478
157 315
432 870
190 481
863 841
10 15
42 337
603 388
860 903
449 662
927 617
859 175
878 249
475 678
650 206
12 983
794 701
38 851
151 528
388 166
320 532
124 246
930 417
913 527
389 796
47 848
138 540
222 650
481 331
739 128
740 431
799 954
268 562
181 365
18 73
381 995
94 228
496 83
598 286
597 147
199 874
605 744
383 206
863 176
282 869
299 961
347 927
253 718
203 301
226 134
944 805
100 691
196 562
571 518
316 70
793 512
303 925
938 571
813 701
990 84
616 657
447 835
238 665
639 501
625 255
960 142
945 350
638 445
641 613
140 276
116 907
325 389
440 977
731 821
900 913
89 834
73 325
917 434
77 437
818 409
486 363
145 833
918 964
225 499
137 625
564 808
910 852
676 670
368 817
100 328
214 464
661 159
331 422
793 271
152 385
251 861
876 980
552 930
57 4
21 673
538 637
253 622
674 141
488 392
87 160
95 725
385 702
650 226
377 333
561 517
66 509
657 710
734 948
518 437
117 990
189 481
30 723
482 995
276 781
541 253
155 302
742 678
564 130
199 89
352 816
939 430
544 446
696 683
770 688
476 657
951 992
202 161
679 433
424 123
559 239
446 556
217 819
866 351
865 464
918 346
366 968
26 322
619 833
981 298
676 280
235 56
715 370
723 863
995 706
583 509
727 959
763 622
947 359
2 106
724 115
585 211
987 707
387 659
814 100
620 851
34 426
666 398
144 310
456 488
992 170
121 181
82 94
580 481
357 808
106 104
822 290
144 325
115 218
850 91
615 217
546 416
698 231
93 751
665 22
759 818
461 75
500 663
85 815
324 453
517 754
20 958
150 713
355 553
615 447
671 377
290 452
345 250
133 778
318 270
319 83
454 702
290 311
94 721
357 990
617 451
57 145
169 591
521 290
928 300
26 679
968 573
358 21
789 561
367 549
631 312
958 88
137 186
599 350
906 387
283 13
174 538
181 8
912 655
821 881
256 695
976 262
207 598
852 921
523 715
666 778
291 683
40 873
701 140
169 11
838 303
457 256
294 701
922 762
891 723
361 956
857 807
612 773
554 769
357 648
174 395
253 615
89 766
678 358
239 692
495 542
592 266
724 32
344 940
182 476
148 612
865 222
103 122
951 392
921 205
888 408
135 191
157 643
89 777
798 475
404 812
375 715
728 563
343 297
334 77
177 303
34 144
770 284
595 881
478 919
245 936
379 490
67 455
110 366
846 162
65 703
581 735
833 714
860 266
147 337
845 90
739 683
349 779
137 363
671 482
195 445
877 713
808 976
589 85
792 137
578 742
599 28
639 979
12 812
108 537
878 77
551 153
823 596
627 335
560 308
742 524
565 13
640 77
248 987
137 214
545 49
673 484
184 151
347 677
774 286
298 355
635 182
49 815
599 467
394 862
913 326
198 456
758 304
939 502
298 498
766 799
947 995
43 48
434 242
689 992
564 710
173 535
155 52
121 660
50 466
550 415
753 865
335 825
839 429
961 892
320 100
306 11
469 589
92 536
718 892
663 197
153 900
575 905
856 197
505 409
605 470
364 420
628 617
538 273
634 203
5 828
358 206
898 105
827 821
130 31
993 45
904 554
248 228
84 842
418 770
691 333
173 108
513 503
862 616
422 853
975 395
577 968
382 973
653 435
949 620
287 885
716 809
590 886
348 357
116 249
440 318
785 660
902 493
65 746
262 76
263 285
418 198
366 240
59 728
522 208
264 544
281 582
216 793
640 139
162 195
533 432
332 151
25 585
190 269
561 911
543 267
121 979
233 750
786 620
695 476
284 321
508 489
711 554
381 559
919 697
186 559
740 74
744 13
358 801
968 629
552 883
91 998
972 37
440 174
493 199
427 472
674 955
587 326
659 264
165 292
874 403
890 285
359 626
431 97
146 147
40 914
256 895
991 121
867 39
904 59
445 389
156 984
50 375
63 117
930 755
183 561
297 150
191 758
503 544
142 270
917 908
493 522
923 23
616 515
925 957
383 47
888 643
120 749
410 113
965 769
197 407
309 877
383 444
75 583
258 61
577 281
634 499
563 986
272 129
185 672
426 858
922 71
11 812
822 724
718 485
941 58
266 882
547 223
72 189
144 346
426 636
552 758
257 398
340 679
873 446
121 705
270 692
399 464
8 995
962 636
138 106
121 690
910 964
499 73
27 624
533 468
114 286
55 528
521 436
976 461
355 746
788 600
618 684
655 801
103 804
640 6
716 273
385 701
812 764
225 958
532 131
203 831
347 252
762 546
856 547
873 907
934 442
773 8
920 724
173 812
636 190
673 428
184 335
791 628
561 651
958 415
673 285
904 228
143 689
769 866
863 6
666 974
886 173
523 831
726 794
584 831
1 869
183 533
187 606
803 775
278 267
45 532
191 746
782 907
861 495
679 513
829 116
903 653
11 541
653 934
691 79
140 255
468 220
792 970
545 169
887 595
28 516
857 740
676 360
754 260
687 360
272 237
606 888
157 702
709 113
323 714
489 214
239 486
96 80
439 224
940 843
408 332
119 844
263 54
949 636
73 352
332 539
797 639
653 507
286 252
841 875
880 719
366 846
241 90
149 172
116 817
387 891
358 722
751 345
418 159
500 519
216 802
323 6
995 124
772 961
650 421
764 843
786 549
302 771
124 89
699 577
208 996
413 299
425 357
467 670
506 376
130 978
627 656
350 809
463 586
763 80
963 626
821 880
753 26
165 252
402 222
71 164
501 308
229 741
195 941
179 48
952 880
769 846
630 275
226 109
394 925
700 325
331 298
98 19
56 574
835 874
306 100
867 349
960 41
500 274
27 898
46 162
202 625
202 420
921 434
261 945
468 359
188 870
227 984
374 537
418 767
1 269
610 267
922 191
36 860
63 552
564 963
452 634
343 296
381 85
236 824
864 113
77 380
25 161
45 222
29 761
780 791
864 224
497 969
206 915
928 653
16 635
129 828
537 175
397 194
65 702
45 880
618 450
871 564
655 635
487 815
989 681
294 417
21 375
389 499
967 613
695 507
223 490
777 858
523 298
319 967
378 385
696 870
15 510
631 366
722 582
372 883
800 772
928 329
468 626
643 846
695 665
511 572
916 730
792 424
523 520
372 994
981 828
679 133
810 52
539 542
42 218
796 487
514 848
518 74
494 548
188 343
753 919
438 747
652 629
374 441
7 979
772 174
795 71
523 980
700 11
108 252
435 340
365 747
581 459
943 180
840 715
127 49
202 472
810 539
284 337
838 69
614 412
631 534
762 355
845 437
303 555
794 422
262 400
761 842
909 951
932 488
129 270
223 997
404 193
576 274
543 182
990 509
127 629
21 56
82 438
266 177
492 793
717 336
898 426
573 748
371 940
427 910
582 988
447 451
674 389
103 605
234 412
534 761
42 747
580 111
204 331
677 594
211 885
990 427
786 621
307 865
660 54
272 927
59 7
419 832
281 871
1000 9
983 320
422 423
252 428
648 997
422 496
961 354
134 452
564 313
358 806
397 762
973 507
423 926
673 391
530 264
786 158
234 995
204 783
913 430
910 71
661 799
187 964
994 460
740 312
9 664
250 44
692 187
17 389
239 920
118 111
818 881
724 869
382 944
53 752
203 303
576 771
723 980
706 666
100 701
122 469
32 949
936 395
732 525
273 462
554 617
295 511
626 663
705 451
158 515
231 123
432 2
258 429
465 759
451 420
34 388
223 807
435 459
384 379
737 67
884 918
921 132
651 287
282 342
357 818
858 745
305 223
306 624
92 33
718 277
442 16
233 141
366 947
607 787
955 210
849 299
101 142
23 300
653 496
34 217
842 608
139 19
756 494
358 646
314 296
171 481
63 215
566 234
803 740
452 478
661 270
60 959
208 106
119 348
545 301
711 632
348 311
717 39
864 613
424 914
132 355
3 647
844 174
941 816
263 708
624 512
825 239
293 257
42 3
388 43
541 251
530 364
678 956
257 647
576 722
96 940
26 575
669 855
359 657
674 591
907 384
353 318
51 17
114 915
724 283
117 272
175 240
468 110
736 758
115 755
331 414
690 219
230 736
236 273
398 512
153 835
463 90
466 266
209 917
364 493
296 853
258 932
728 888
582 119
178 361
20 516
120 617
500 76
173 34
127 815
646 611
828 258
443 228
998 86
103 310
568 831
914 442
456 121
681 115
63 900
84 609
181 457
715 769
920 343
634 947
581 872
214 387
968 99
626 579
73 577
493 440
129 945
176 342
693 479
270 512
155 432
629 749
371 789
670 33
746 331
488 87
878 196
401 576
310 944
725 927
707 60
406 802
262 710
801 16
937 432
426 190
27 424
651 562
601 963
527 495
986 143
569 157
146 54
113 41
21 713
328 421
333 548
740 215
48 860
671 420
490 917
786 230
309 184
666 944
867 17
759 7
887 498
247 851
17 444
91 719
187 524
478 29
26 386
622 756
435 202
109 991
316 95
444 4
679 548
423 863
741 784
266 582
619 188
895 27
58 740
132 329
631 525
773 936
912 107
214 970
440 796
258 405
172 307
248 57
345 993
246 696
803 965
223 896
974 840
707 591
326 703
993 850
480 267
634 612
664 317
451 154
987 557
914 970
76 565
662 276
367 22
410 262
480 762
651 5
45 366
589 369
43 341
150 747
121 873
747 749
751 237
332 877
168 982
447 140
110 78
536 97
755 151
403 42
759 679
457 865
212 922
985 670
664 327
757 548
593 417
480 806
49 4
268 811
360 796
786 808
492 265
365 21
220 824
152 520
800 884
327 89
973 423
77 626
800 903
725 454
265 376
895 618
717 930
26 631
221 664
226 14
788 710
325 874
515 822
476 458
458 77
648 405
61 160
173 773
563 34
909 498
508 987
490 314
866 49
350 326
79 780
67 680
1000 791
529 39
359 12
951 712
718 749
810 536
81 664
616 239
908 189
106 893
359 157
841 230
699 256
37 489
96 941
927 496
489 173
291 483
591 52
284 872
728 568
181 400
43 403
831 586
984 930
589 388
936 522
205 443
375 975
560 653
543 776
492 681
306 685
103 685
328 681
517 601
258 812
25 591
393 19
12 835
514 706
768 225
243 391
872 53
262 137
583 601
768 809
752 731
419 976
393 205
233 526
416 58
792 389
170 505
83 824
213 69
768 446
806 218
866 401
218 412
460 497
109 790
735 102
937 59
956 881
139 681
800 237
982 709
658 135
677 185
807 386
60 173
795 34
841 416
568 744
217 510
678 349
59 698
616 660
926 875
619 247
732 526
506 122
143 787
718 713
731 137
857 575
366 743
221 160
828 392
339 173
876 508
988 198
3 386
740 414
241 389
376 166
234 76
508 419
272 417
519 287
281 149
780 841
824 809
931 962
457 628
747 407
475 72
189 826
280 74
542 870
656 741
769 410
272 734
112 235
205 48
730 881
849 998
821 734
703 902
831 221
726 493
780 653
621 565
458 751
186 606
61 578
668 430
523 255
431 688
82 613
659 149
271 91
717 183
935 192
540 656
208 905
742 714
670 375
769 582
996 130
425 152
360 995
588 59
94 308
22 689
721 478
726 937
56 824
801 454
52 840
625 58
679 477
705 272
667 317
706 477
814 178
569 972
120 557
374 486
766 932
731 803
313 894
429 772
838 480
587 160
74 117
629 485
520 871
484 928
157 922
675 709
153 243
278 986
178 333
818 199
379 903
984 739
112 494
844 823
573 367
867 622
728 744
802 563
220 240
497 705
650 623
637 653
277 116
484 424
799 19
231 717
159 368
381 32
272 540
880 705
183 366
24 397
154 528
229 508
455 854
286 13
165 986
362 671
699 244
37 997
78 243
564 702
690 977
174 973
803 306
40 132
320 770
781 907
85 526
605 195
345 668
741 115
194 150
820 838
147 20
241 848
518 5
646 206
522 968
590 411
67 521
561 695
446 435
837 341
972 111
601 883
341 40
434 378
986 831
236 178
100 897
695 781
950 781
937 226
26 387
485 986
435 205
459 755
134 969
691 60
850 160
577 421
960 43
652 433
763 414
446 862
505 386
45 792
62 654
66 725
196 644
588 626
740 821
905 856
874 259
433 79
366 671
862 736
760 358
888 411
82 174
791 510
968 339
491 758
954 266
940 809
564 973
825 543
475 146
333 208
607 13
451 157
859 776
418 78
720 594
995 885
335 567
998 349
785 830
751 383
573 823
466 597
397 853
474 120
268 668
521 609
464 62
75 281
637 213
635 472
952 355
769 371
307 126
935 426
3 668
941 597
321 372
947 552
200 599
772 709
935 59
170 115
890 546
531 918
968 604
551 107
934 369
829 645
96 887
354 359
946 675
803 874
426 458
809 745
78 826
672 191
530 181
550 176
808 559
915 277
531 296
22 633
425 97
672 46
835 554
991 407
8 166
31 650
251 416
934 829
866 95
425 771
299 886
49 671
527 902
217 481
862 19
463 108
600 94
715 319
329 72
918 518
543 431
527 676
399 773
572 115
64 282
780 64
340 703
536 732
767 240
201 151
258 904
343 345
55 69
457 974
186 148
719 994
225 378
170 773
34 320
185 980
5 85
758 703
391 980
177 328
200 183
729 980
586 631
186 345
831 299
544 891
998 456
324 667
536 463
518 163
850 723
389 469
169 635
268 889
285 181
4 835
540 653
873 940
583 745
459 127
540 828
891 80
252 686
694 573
791 621
603 27
640 633
145 189
860 988
830 198
152 771
504 578
621 233
434 149
736 893
73 872
100 552
321 781
947 113
731 966
224 274
386 963
212 81
378 825
549 126
871 327
675 552
178 496
469 735
218 977
791 134
741 855
170 860
475 399
402 900
482 717
790 53
409 990
338 12
233 226
785 587
469 930
529 874
810 942
461 978
561 492
500 776
111 886
223 872
522 401
194 638
506 828
358 309
309 351
55 335
741 380
980 752
747 551
517 555
725 968
391 734
768 95
589 137
220 556
572 997
694 844
906 506
80 54
284 416
845 321
369 8
722 524
1000 502
947 657
329 746
330 693
637 713
868 181
136 70
360 996
235 752
159 902
554 100
882 857
998 899
195 946
749 7
678 13
570 650
593 539
995 923
657 774
850 185
70 861
861 638
37 108
238 743
455 30
761 442
465 789
155 241
286 773
767 372
809 108
369 549
758 25
944 965
157 1000
529 93
748 103
417 859
914 401
221 481
443 939
799 478
748 502
70 142
145 741
22 109
996 904
601 854
524 807
927 314
657 322
783 774
201 222
439 76
427 524
64 536
798 444
823 69
31 23
692 224
718 375
222 646
171 656
853 800
215 291
50 527
824 710
626 750
422 995
206 954
29 643
964 98
283 251
656 273
24 61
333 13
484 143
671 357
656 706
300 6
593 153
920 119
760 886
79 558
211 958
944 26
752 774
439 726
318 413
51 514
837 943
536 182
534 897
521 294
891 314
703 613
587 549
241 538
984 840
344 342
15 133
623 336
146 52
916 688
791 548
777 110
191 452
357 271
288 173
587 259
71 114
558 640
910 175
265 723
29 410
306 873
687 981
523 860
179 162
911 669
625 182
256 937
353 363
745 953
601 445
235 907
400 228
183 747
735 974
16 612
919 167
595 981
19 747
387 271
891 565
657 413
184 793
967 380
421 532
830 688
409 116
391 188
999 43
349 466
693 893
665 212
851 129
673 737
371 140
422 956
462 397
432 224
36 482
475 2
367 16
998 338
710 614
953 307
316 463
572 515
955 397
225 680
299 1
836 408
713 595
994 880
976 779
115 351
156 544
259 924
422 376
579 71
686 745
268 854
164 775
368 682
653 252
722 581
6 266
389 146
613 15
38 187
848 243
976 440
355 5
781 737
344 306
324 776
922 992
787 315
333 966
310 846
411 900
808 528
312 831
938 927
857 101
655 478
434 238
222 81
153 622
151 207
523 888
540 513
451 881
433 430
655 335
388 790
400 177
273 197
203 260
866 92
558 638
890 86
587 925
993 483
611 784
4 450
581 456
374 350
178 461
487 85
804 361
152 679
861 840
952 732
51 628
244 894
887 532
50 147
474 967
755 618
903 500
596 122
562 54
729 543
715 540
903 27
372 73
135 159
463 306
84 709
472 900
163 46
115 233
685 205
470 581
127 630
864 16
360 815
759 833
269 513
693 627
896 283
404 34
689 500
15 648
863 948
989 114
537 136
315 566
516 614
197 678
20 225
494 24
613 238
372 700
164 980
683 496
562 782
150 983
635 923
427 318
291 77
678 693
668 507
816 686
638 621
240 272
937 398
556 672
170 487
498 984
212 670
787 140
938 992
28 120
30 922
344 445
786 44
330 880
60 329
830 189
505 238
611 46
624 458
153 586
995 975
580 935
191 754
286 814
822 876
38 355
387 425
61 194
134 918
504 801
925 953
701 468
752 71
476 351
611 780
919 95
867 406
601 358
982 933
181 710
940 573
478 388
581 317
656 140
417 664
733 402
108 347
111 546
790 91
462 184
338 122
713 94
288 895
129 445
21 135
439 152
408 372
512 634
625 779
112 674
997 751
557 48
72 48
715 870
771 536
119 650
928 857
102 860
429 551
885 523
600 661
640 252
419 515
264 704
233 829
752 795
125 887
625 881
328 976
74 842
521 265
851 866
18 373
452 207
424 548
400 264
778 267
377 516
142 946
513 558
56 47
296 510
649 62
669 931
302 564
303 229
165 196
369 873
189 222
890 317
943 309
446 759
48 60
714 623
821 905
204 957
351 830
354 14
887 408
908 80
88 926
44 825
918 601
626 612
65 370
1000 947
931 627
771 410
828 217
260 925
64 54
687 22
640 787
382 802
255 48
176 559
981 321
545 682
311 147
866 870
650 779
807 613
620 825
602 860
879 988
810 865
541 975
823 229
275 947
646 614
496 798
375 738
266 786
115 161
704 386
137 519
234 305
162 434
909 26
650 478
465 156
494 814
124 375
252 188
717 486
366 172
233 812
544 932
906 55
229 220
397 896
312 232
43 8
669 244
446 87
548 715
61 612
778 348
247 409
393 186
692 314
214 66
696 829
208 887
890 639
449 115
105 753
859 392
807 936
829 720
209 595
930 597
436 286
368 508
666 959
630 484
478 113
907 879
985 67
514 763
633 904
291 686
509 637
401 18
610 848
442 718
350 79
887 380
965 530
95 740
330 27
991 450
886 60
236 670
269 108
36 841
218 884
278 154
118 965
690 250
679 796
639 301
253 610
533 656
435 493
239 691
960 92
62 652
546 797
861 232
412 971
966 422
624 201
24 559
301 61
340 677
857 629
948 804
315 97
887 849
26 803
754 63
538 75
900 854
915 671
328 332
478 404
157 416
435 89
56 589
20 1000
438 395
974 105
25 854
633 425
543 508
745 570
20 500
632 383
314 803
556 121
962 416
484 172
751 819
695 326
203 524
211 854
737 43
462 735
803 214
428 411
103 795
808 981
146 740
399 42
349 293
172 912
760 372
289 148
162 49
591 695
891 217
928 333
379 45
734 625
517 149
185 340
207 787
173 991
815 464
872 250
821 815
492 155
298 184
955 953
616 255
946 560
798 529
143 324
407 608
493 767
943 493
361 865
30 974
688 351
735 15
520 116
723 591
651 305
190 688
801 637
86 481
662 574
749 995
459 657
45 600
173 419
249 69
452 622
255 123
277 389
334 590
84 113
781 53
841 282
399 918
680 920
232 799
413 758
568 557
55 161
208 709
922 108
818 141
748 334
534 177
153 90
687 413
201 358
385 127
831 742
776 888
724 918
107 636
23 666
780 823
160 680
802 859
984 874
894 429
841 807
789 79
258 521
868 712
81 234
950 498
293 981
681 863
591 452
793 309
333 468
724 731
928 540
176 273
640 128
626 793
493 270
310 972
935 718
530 723
531 726
320 763
583 602
55 809
369 98
430 611
522 910
856 588
70 570
324 990
511 732
384 539
95 925
629 944
227 237
998 778
88 869
911 897
165 303
347 644
423 683
481 650
208 718
743 886
191 543
216 201
252 543
826 858
117 663
243 964
688 855
635 957
210 732
567 682
255 398
754 322
256 914
915 123
832 177
745 880
65 262
286 702
213 902
19 693
754 569
463 66
709 358
490 428
607 347
999 962
408 599
656 141
624 273
384 448
883 572
610 348
534 646
567 878
609 28
822 247
7 439
407 633
84 730
949 730
793 70
614 158
724 938
306 767
552 763
466 938
557 118
188 767
618 100
691 127
837 262
270 697
303 781
851 406
34 266
211 567
966 4
604 166
852 545
938 510
242 931
24 82
869 6
450 180
983 2
786 570
453 815
556 976
298 992
831 222
691 843
233 717
234 670
952 285
200 514
54 429
176 614
590 275
134 277
483 181
724 121
751 772
646 368
886 533
777 231
742 713
437 765
97 644
961 499
869 730
397 351
881 4
593 648
407 138
809 310
259 907
327 179
934 153
616 326
464 979
236 111
886 209
101 935
451 840
80 658
356 807
322 755
16 426
677 43
457 72
338 317
895 99
643 100
884 720
795 289
559 440
692 735
552 42
917 766
316 276
723 67
762 423
139 146
721 550
258 316
580 495
512 583
875 797
950 233
823 21
536 196
211 757
603 695
395 458
879 290
543 27
485 79
197 603
54 252
134 68
764 977
937 777
898 513
793 493
371 793
232 49
765 505
588 406
958 64
661 302
781 793
711 600
768 172
56 238
733 716
77 872
856 518
815 355
561 603
692 315
837 830
198 708
42 80
977 939
507 164
576 643
351 127
759 402
890 495
284 170
916 545
166 128
446 656
484 547
52 815
914 190
933 226
365 480
773 777
102 106
685 243
951 962
273 223
458 85
187 625
761 340
607 680
265 947
665 177
74 5
687 53
430 70
272 32
704 35
687 154
429 246
265 877
235 171
879 898
182 470
922 9
379 932
657 300
844 854
3 334
595 424
867 655
862 533
508 262
749 847
880 514
383 593
96 113
205 689
390 269
943 657
606 635
613 389
903 193
284 951
196 91
367 18
958 595
194 932
980 699
579 299
689 351
893 215
824 450
362 513
695 321
720 371
593 251
132 513
817 709
6 494
707 143
871 640
894 739
806 577
124 735
521 503
794 805
155 593
997 250
878 87
91 867
955 730
405 757
527 350
565 23
358 831
894 989
96 778
951 713
388 88
483 517
857 329
469 19
342 771
803 879
758 432
468 861
485 793
550 183
200 903
221 611
810 192
459 946
354 68
122 216
948 342
164 453
41 102
169 105
812 773
317 161
9 752
446 543
583 74
530 82
827 764
652 449
982 556
951 599
218 841
107 920
496 667
499 524
634 81
671 564
908 810
106 982
163 357
914 471
934 530
177 764
909 208
359 153
418 685
20 585
115 973
541 773
123 826
284 614
61 177
348 93
934 764
974 825
645 871
405 2
813 389
724 800
177 99
305 182
552 369
166 933
281 189
613 727
737 260
746 90
529 752
219 246
883 159
276 119
281 479
968 191
107 925
660 221
258 953
211 907
76 315
495 323
557 324
445 618
739 338
122 713
138 850
915 886
552 860
863 596
366 468
369 400
406 895
48 683
270 286
519 441
679 70
863 741
247 64
66 664
108 650
627 734
475 605
646 292
613 863
834 28
708 613
235 521
576 715
8 103
260 377
1 994
933 382
860 991
38 391
352 922
278 502
460 493
526 152
430 301
368 148
792 726
939 601
44 980
106 552
456 567
734 430
286 519
903 679
5 632
101 787
27 976
679 869
197 256
507 680
470 94
114 842
376 349
448 826
66 745
515 52
398 728
202 505
684 933
371 544
727 769
193 746
529 144
823 274
736 444
310 323
572 18
700 223
774 690
278 941
139 361
715 698
974 789
266 892
14 778
533 794
736 154
864 79
723 388
304 272
361 75
978 296
537 72
367 485
685 64
337 210
634 920
376 904
436 674
177 762
198 940
132 586
560 5
82 697
341 988
309 126
916 458
4 524
414 587
172 970
195 379
695 574
826 315
185 433
759 363
320 728
673 68
809 516
807 49
310 715
761 771
706 132
66 103
449 405
650 582
587 651
739 852
756 990
830 125
152 580
598 9
855 922
779 375
821 870
200 880
661 717
492 115
277 873
456 964
207 409
987 909
93 258
922 784
414 416
453 46
914 396
473 580
311 380
593 843
654 506
141 285
323 828
300 898
490 16
625 715
738 298
244 39
154 203
743 63
799 249
283 852
125 356
235 492
590 662
422 772
172 475
210 34
854 795
162 321
327 889
586 691
547 78
314 247
557 89
25 888
813 239
245 989
584 201
784 507
370 190
647 104
979 616
671 358
195 57
267 868
306 962
163 599
266 340
933 732
954 793
132 445
712 331
397 527
56 239
533 355
955 689
351 344
321 285
30 679
893 389
234 770
753 306
94 506
973 301
422 61
695 152
651 553
377 550
902 505
659 34
277 939
853 216
302 598
624 688
386 757
429 947
460 422
78 845
127 271
464 545
1000 755
570 685
810 380
732 472
312 622
730 439
531 314
326 458
611 104
773 665
745 958
135 176
196 994
897 159
970 201
535 371
120 700
248 497
376 294
321 635
623 902
239 701
616 912
776 401
102 335
691 222
620 136
496 606
603 839
784 27
839 575
865 64
760 362
300 245
339 361
893 658
732 784
419 129
595 24
654 867
270 852
343 294
149 89
632 19
379 626
381 192
110 390
439 992
354 844
530 971
196 235
881 933
243 144
798 200
345 416
113 652
510 670
320 867
907 368
358 978
459 361
557 496
392 318
930 290
34 879
402 907
609 993
938 233
61 646
703 43
873 948
16 390
656 862
911 62
424 189
290 564
518 372
8 509
561 727
1000 305
621 479
469 18
968 687
401 210
700 914
919 624
521 33
575 498
668 176
852 597
890 254
911 988
492 36
266 681
593 727
334 771
80 430
227 465
523 748
321 948
753 905
93 424
203 424
960 365
287 253
985 206
179 131
108 107
291 989
308 549
781 827
973 789
740 608
279 100
799 428
1000 909
623 821
50 63
608 637
400 82
159 663
990 379
64 495
248 380
649 374
158 553
896 722
54 718
538 139
477 205
780 124
378 626
970 862
148 502
809 468
921 178
887 823
784 150
414 337
158 618
144 373
509 77
36 291
819 684
673 642
9 58
139 42
729 830
879 756
291 375
70 278
703 570
225 495
941 497
799 317
470 971
609 321
719 780
355 537
962 531
820 629
432 798
159 453
953 332
186 357
684 36
301 628
638 807
848 293
887 211
9 373
561 896
492 580
981 760
229 867
894 623
971 446
578 384
39 486
497 43
501 547
179 291
911 18
459 115
501 468
960 566
679 167
151 782
217 182
456 858
743 111
540 990
317 83
501 246
585 739
469 264
622 710
93 396
844 324
956 782
451 878
587 361
74 459
368 228
260 932
329 585
487 229
184 758
705 340
13 429
110 915
771 550
330 307
314 668
600 173
413 728
624 275
935 887
426 837
530 174
49 490
508 585
179 603
418 801
145 543
239 459
921 142
337 311
175 62
266 893
474 760
275 521
757 315
282 954
194 715
489 29
42 974
509 962
665 2
775 61
298 596
341 761
620 660
238 371
148 95
205 90
43 259
944 214
411 380
200 294
842 765
756 283
684 8
470 177
384 812
848 257
684 159
777 779
81 502
784 327
816 879
383 920
459 305
497 70
995 451
958 213
544 633
360 202
342 110
890 614
583 713
894 794
226 894
378 165
932 748
507 779
327 28
672 251
356 636
216 167
948 152
531 176
476 617
283 499
316 194
213 838
405 876
368 177
321 749
748 204
839 167
382 982
706 760
304 536
247 536
965 861
36 935
212 224
250 415
549 239
770 204
454 365
790 139
495 627
813 298
830 664
926 987
709 489
487 495
988 304
435 688
699 335
663 488
97 401
957 523
429 434
358 24
529 780
756 187
723 50
228 636
569 920
720 732
97 371
371 76
44 158
851 342
709 156
905 599
175 784
76 527
152 199
478 931
290 109
129 809
124 370
287 616
937 783
423 24
319 91
637 204
509 604
42 316
178 44
138 875
512 52
971 489
129 612
688 940
119 175
220 850
886 631
388 102
3 725
959 461
181 681
274 125
282 528
105 647
658 407
640 694
401 134
334 804
653 656
692 202
865 554
661 849
259 497
389 638
730 436
252 944
623 675
60 227
633 679
724 330
890 62
853 426
218 883
293 517
988 364
908 768
965 817
970 89
909 170
218 195
118 762
760 499
789 233
936 871
334 386
686 87
945 239
72 877
953 740
497 736
614 213
889 826
206 314
12 273
875 763
15 914
44 433
820 255
90 960
785 672
91 441
366 877
258 544
522 341
650 366
983 230
418 186
112 971
48 419
465 743
432 962
197 718
509 748
954 843
591 402
277 170
501 812
105 295
233 762
548 615
932 774
256 303
557 495
265 55
644 540
343 642
773 151
830 472
299 272
782 415
566 502
503 184
494 461
819 555
388 90
597 420
726 8
398 23
42 197
207 653
338 812
711 237
605 874
273 927
388 21
113 344
757 607
649 196
616 166
654 119
325 963
141 518
458 228
424 428
799 751
49 113
783 390
79 869
504 777
305 744
966 231
409 314
746 629
709 655
66 643
311 167
684 963
19 275
120 840
642 459
774 724
116 444
758 871
248 236
413 612
897 831
20 570
112 555
735 605
935 618
392 929
634 672
980 404
567 180
798 477
82 30
799 65
196 42
698 820
240 196
615 281
293 833
702 743
719 783
355 536
210 269
945 838
53 560
604 221
346 253
440 378
457 700
519 100
461 156
870 312
194 825
129 898
612 327
684 180
833 662
25 593
851 733
712 309
938 315
975 836
544 606
607 878
693 51
713 685
588 303
94 544
294 166
687 597
176 203
891 230
431 267
948 103
363 577
471 538
123 308
778 738
203 345
255 708
381 777
496 253
985 15
587 463
550 209
308 740
256 887
359 319
506 157
455 292
645 372
316 174
83 653
535 343
17 15
933 9
826 955
22 888
539 142
353 151
389 711
339 996
838 510
252 879
544 144
532 777
274 521
956 109
351 629
465 974
11 283
766 620
804 393
674 441
560 669
278 48
46 76
214 946
804 24
128 553
580 9
295 663
996 864
573 854
463 365
746 273
250 602
569 786
732 810
415 14
236 601
76 774
955 13
847 11
903 357
154 868
983 987
305 208
548 148
724 742
528 687
60 178
763 921
150 587
98 888
944 120
984 841
270 700
141 780
793 357
157 278
858 389
987 43
819 391
129 893
848 371
892 727
985 574
233 801
591 630
349 843
815 710
194 140
357 320
916 443
42 488
413 495
599 220
646 375
668 475
337 557
503 216
985 329
604 741
294 93
351 4
263 850
839 499
677 404
180 156
424 326
696 242
274 312
493 708
902 702
190 764
781 263
39 16
678 145
259 37
135 654
597 47
1000 951
120 674
746 570
419 876
801 683
567 568
199 660
296 855
843 385
607 440
221 109
477 131
616 773
391 343
598 661
412 786
767 38
20 515
614 351
676 118
842 346
914 831
901 791
814 988
620 987
141 590
825 517
571 249
898 331
438 48
222 651
337 163
390 439
263 191
512 713
112 849
59 826
261 426
465 7
180 542
896 199
806 894
419 594
890 967
689 304
67 100
195 59
181 244
872 773
595 954
566 466
734 895
825 961
630 828
328 178
194 144
506 686
252 414
498 826
164 895
324 806
264 941
240 348
21 799
448 265
66 248
985 470
277 924
52 998
769 981
772 412
834 245
535 687
187 517
403 576
579 571
374 85
50 311
895 861
183 625
916 770
277 45
815 124
486 642
966 248
218 880
330 150
151 388
923 215
791 616
461 593
465 534
947 883
775 576
465 679
931 990
257 179
757 464
560 564
64 675
395 13
770 499
336 547
832 696
46 358
177 469
345 795
951 161
522 451
996 542
67 290
109 895
604 75
676 840
769 58
629 936
210 294
721 751
918 628
722 141
290 254
390 189
46 947
747 738
966 768
823 649
683 378
872 433
708 223
233 761
346 56
698 341
423 140
778 493
836 161
696 878
532 220
475 709
389 157
542 493
122 914
178 672
882 952
167 280
815 476
561 725
126 965
146 21
982 470
344 422
911 990
933 818
477 876
574 60
869 608
784 558
527 238
160 264
106 717
682 389
900 476
948 448
532 647
257 723
731 998
224 725
580 991
905 563
669 570
818 980
697 945
112 118
114 805
723 945
260 593
335 447
911 431
529 24
16 501
587 435
734 211
679 854
942 508
568 561
790 176
3 286
421 563
651 410
615 933
482 547
7 811
175 516
72 827
791 350
561 361
3 572
598 213
10 320
980 516
619 332
881 869
827 411
833 986
798 23
392 640
64 941
840 30
949 996
310 166
148 69
669 485
64 988
319 188
780 898
489 321
626 898
937 821
439 631
848 713
944 187
928 528
90 199
678 343
120 720
816 837
720 225
441 768
647 336
284 707
468 559
712 389
734 966
91 832
312 19
60 753
385 842
61 793
759 422
173 831
455 1
995 20
777 425
47 203
937 147
950 749
808 384
95 204
580 651
856 396
731 988
398 957
592 390
494 810
579 640
704 109
841 425
588 722
130 470
629 266
574 389
151 460
818 75
89 573
127 989
334 729
540 412
317 533
680 33
373 494
675 268
215 479
328 161
179 557
441 390
746 923
840 348
768 745
861 506
475 163
519 276
425 586
885 500
339 400
87 305
436 574
219 166
861 363
257 389
479 760
760 898
48 14
785 879
992 341
99 941
651 66
444 988
768 934
162 141
541 999
635 604
707 187
182 298
988 688
592 873
993 750
869 403
137 426
780 644
413 429
752 879
90 74
94 626
954 755
21 536
78 555
962 134
526 575
730 922
435 106
753 267
492 313
189 316
699 685
706 198
816 591
222 374
108 745
296 483
846 607
619 767
963 717
412 393
605 800
837 940
364 914
610 982
919 442
65 43
265 697
998 901
303 81
394 799
144 582
182 898
994 488
726 38
463 927
134 853
619 541
472 450
28 807
577 33
500 400
688 966
859 681
253 744
326 124
4 496
187 177
980 9
356 803
31 985
795 900
189 173
61 338
126 296
130 45
975 135
830 670
396 424
552 46
718 607
604 875
370 761
581 173
874 185
501 342
422 898
758 296
824 861
567 255
254 174
148 287
521 771
617 874
780 868
214 552
346 400
594 140
82 374
745 206
138 420
59 877
881 958
882 465
21 489
905 341
485 220
184 346
611 499
172 794
354 891
12 691
181 100
20 166
848 495
867 935
544 552
90 46
769 665
640 983
556 839
8 801
32 363
290 559
539 668
423 969
347 595
773 83
777 400
523 628
685 268
166 712
30 214
368 497
460 417
961 76
910 7
735 22
592 288
79 530
596 424
668 77
709 631
156 793
31 671
456 995
553 411
2 435
689 715
691 5
731 772
738 120
296 27
459 633
5 957
357 702
709 681
66 701
857 862
147 509
689 949
583 273
883 587
476 179
425 603
671 882
16 168
490 115
625 756
572 981
587 102
940 657
447 611
598 801
185 592
827 1
499 112
449 859
448 690
271 518
333 201
166 492
689 113
998 197
211 661
51 936
654 785
896 309
55 284
946 182
272 654
755 65
497 849
163 628
557 348
513 990
217 780
204 358
843 704
626 208
935 48
792 258
722 575
747 912
408 569
273 883
610 700
682 209
317 362
652 356
218 273
973 607
114 191
69 682
145 202
735 229
916 961
692 549
852 967
355 233
670 592
472 11
862 248
701 166
829 465
170 219
464 927
249 223
86 506
402 477
991 301
813 573
724 360
429 820
446 914
566 931
236 450
438 514
637 778
657 482
770 771
771 102
11 685
154 93
675 642
253 911
804 486
700 55
48 585
871 62
76 796
443 183
997 612
568 784
699 486
662 238
404 202
595 57
427 731
375 673
780 861
339 503
529 603
641 417
745 245
464 324
450 395
509 940
42 577
333 126
599 871
485 131
824 627
720 452
573 852
777 899
6 63
779 253
928 529
360 51
716 656
609 544
848 280
333 416
156 511
138 862
677 779
278 883
751 126
920 804
795 720
613 121
336 219
548 788
184 95
35 88
631 325
192 570
178 581
35 980
694 645
42 20
61 792
807 512
545 235
134 593
330 747
637 18
593 679
170 368
722 837
491 308
813 473
825 886
118 245
193 162
969 826
909 300
549 773
967 506
458 6
187 588
559 220
375 386
605 622
531 375
866 122
313 874
633 861
691 125
322 744
487 230
55 485
259 233
156 615
508 870
644 732
439 496
728 869
964 179
572 46
244 207
136 858
410 281
150 490
802 992
617 764
823 12
440 587
594 212
866 529
922 367
724 550
927 131
436 686
833 854
228 776
152 149
124 361
192 88
767 721
214 562
556 62
684 11
426 279
929 212
287 518
977 160
228 110
570 849
163 669
772 757
655 311
432 746
803 973
844 167
275 164
848 34
692 467
674 866
624 569
820 681
289 448
39 276
62 207
563 422
925 339
368 470
611 402
5 277
448 350
502 1
268 713
820 430
252 571
283 12
856 506
515 745
697 526
516 54
627 845
501 120
504 980
161 857
554 784
645 487
390 841
541 566
304 539
908 661
718 109
490 378
502 301
891 558
70 129
239 522
853 614
627 789
347 854
865 56
541 969
266 909
638 343
328 222
352 196
280 865
462 9
716 788
264 439
278 572
927 214
988 960
571 104
811 953
974 23
423 311
150 597
98 794
765 146
432 842
340 835
968 108
20 65
628 158
258 970
29 781
911 403
418 260
555 461
313 42
629 756
171 452
744 258
877 746
786 539
713 521
167 16
886 680
464 473
337 877
105 473
820 948
256 501
996 227
385 663
540 605
958 244
579 225
337 766
20 151
29 192
657 671
485 526
905 690
94 510
5 87
887 167
9 108
836 372
125 744
643 749
492 173
182 378
873 766
982 456
490 922
848 469
933 796
187 918
978 887
598 152
1000 759
564 24
655 451
52 820
830 895
27 126
602 710
765 794
752 167
920 807
957 104
300 685
464 835
611 253
102 496
601 311
766 603
235 17
783 754
418 642
753 557
554 534
3 292
775 578
61 486
245 377
438 240
278 873
7 357
154 811
62 912
339 365
641 299
805 584
371 188
776 834
980 482
124 604
461 915
245 524
750 619
970 619
993 986
483 564
103 563
628 242
523 70
817 357
824 455
962 301
865 93
843 626
570 166
229 843
52 212
324 593
273 737
471 642
851 800
845 258
869 652
835 500
13 624
730 194
713 912
463 560
501 365
982 468
913 307
262 532
490 513
202 157
311 621
113 302
39 514
44 872
597 116
544 96
139 644
981 149
639 489
30 835
187 656
518 948
117 479
692 975
154 506
16 503
520 314
362 999
884 742
338 254
250 466
69 126
899 461
241 766
359 229
107 340
624 378
667 982
281 23
586 778
112 701
922 264
337 344
923 753
194 739
196 21
90 560
771 549
980 629
33 656
426 417
985 117
617 946
854 545
492 674
55 656
771 707
811 798
464 131
245 770
99 657
485 876
699 530
739 577
800 715
892 33
858 113
824 193
915 234
536 245
510 920
612 416
522 904
119 144
143 384
274 49
717 795
243 684
209 524
941 851
801 320
984 187
18 42
274 64
916 631
369 838
744 790
545 859
160 423
490 978
416 785
459 804
304 786
675 977
947 20
776 224
544 140
801 531
198 205
239 787
499 638
322 745
700 502
115 654
243 768
886 489
463 72
377 143
782 724
804 436
75 624
918 404
405 335
575 807
598 652
33 880
1 466
737 1000
738 259
945 219
95 567
197 190
923 953
202 708
774 150
889 774
515 866
512 625
965 185
490 219
864 68
516 693
928 993
818 397
824 818
932 645
898 277
81 191
176 213
200 219
975 662
744 408
465 169
439 453
896 109
698 41
521 592
461 189
209 172
197 643
399 251
992 975
632 412
595 528
688 350
618 659
157 53
660 988
518 22
760 576
155 540
636 467
51 607
623 215
181 800
865 928
522 366
982 50
549 629
142 949
289 455
164 725
511 766
437 711
539 547
795 989
43 848
634 440
606 21
911 995
660 673
735 175
97 527
687 840
321 967
964 895
830 832
192 852
28 202
601 56
430 338
527 800
89 460
182 819
183 622
80 761
390 844
407 102
799 672
946 212
452 806
731 826
127 157
136 650
639 310
112 392
511 272
614 451
444 463
480 167
145 950
605 132
205 566
867 665
193 890
206 224
814 995
528 405
693 658
271 556
475 129
42 996
760 49
48 93
709 152
290 246
792 367
864 223
205 489
868 575
10 233
708 448
106 382
626 633
664 166
780 827
975 618
484 183
142 597
345 591
92 937
816 944
36 209
949 252
556 946
117 868
650 59
233 659
142 887
532 59
609 984
612 489
891 306
251 83
215 756
113 86
294 237
248 971
688 600
433 847
910 491
968 696
740 388
958 471
338 836
857 224
344 461
145 236
192 698
725 409
943 470
446 666
877 296
748 782
913 231
622 787
731 700
143 670
19 420
493 677
494 646
278 435
242 390
601 20
196 856
239 986
956 818
79 653
652 475
230 555
377 101
840 843
583 237
72 725
93 353
611 252
151 385
545 734
705 187
554 900
477 115
903 635
481 112
227 77
687 160
799 442
14 570
364 459
771 157
187 450
723 244
335 250
905 839
984 712
26 561
325 432
349 298
116 459
746 846
323 659
288 958
352 802
109 271
650 520
172 436
580 457
410 449
379 664
729 805
805 728
958 714
926 356
358 282
767 906
862 922
280 28
300 423
195 139
712 63
395 381
37 896
557 201
622 401
489 763
347 245
440 465
721 960
647 472
119 361
764 866
711 677
17 953
436 901
358 270
685 566
536 154
25 667
891 222
359 924
248 141
290 561
899 709
995 364
674 939
569 199
843 800
610 557
920 535
61 867
557 798
317 473
981 946
89 106
435 18
535 607
882 665
386 722
316 791
208 616
482 11
9 873
69 569
730 485
681 191
847 590
169 83
793 360
56 562
156 895
947 28
981 261
661 961
14 335
1 555
633 816
706 572
502 411
24 995
98 300
118 683
54 707
202 350
993 57
637 618
581 724
379 146
865 103
520 518
283 928
158 716
215 421
839 687
292 946
976 675
956 393
560 930
465 418
943 765
787 535
275 609
920 362
664 32
68 104
487 614
555 630
681 823
189 812
304 608
780 957
752 920
604 217
643 138
626 897
536 425
992 315
96 242
720 349
157 191
910 615
437 95
683 347
48 261
561 955
436 975
930 208
345 304
697 203
163 739
169 610
85 982
730 901
553 900
401 407
40 721
560 597
510 921
337 709
186 930
333 529
635 241
66 140
711 316
372 665
808 613
237 437
4 106
351 189
388 457
639 686
52 894
365 273
648 93
499 803
540 987
856 480
857 73
783 369
515 655
942 722
88 57
953 76
112 143
206 575
778 802
636 594
792 861
515 941
248 302
62 289
213 624
93 218
960 155
178 376
715 675
554 751
262 268
150 242
334 335
27 613
214 801
840 400
666 84
944 708
712 778
513 303
913 533
400 736
537 417
296 529
153 424
176 71
374 894
286 140
971 900
917 54
521 885
205 452
802 886
896 255
310 129
703 682
120 403
512 271
507 341
918 563
299 33
502 552
397 916
682 900
508 121
864 897
187 62
445 904
48 766
971 448
96 746
171 248
113 102
816 755
468 590
160 887
937 577
898 969
248 944
635 812
345 46
866 472
169 888
283 224
303 237
968 748
370 594
968 675
282 936
874 974
540 794
640 606
71 22
471 792
249 405
117 372
686 162
321 887
657 253
820 351
783 341
861 629
843 214
94 92
403 921
705 233
407 97
448 126
933 41
311 453
845 552
648 343
689 573
762 93
729 268
415 315
22 825
596 228
887 551
67 782
841 219
804 425
734 174
884 735
465 703
893 535
196 313
378 580
72 999
605 131
1 317
797 849
616 920
28 914
615 127
727 513
709 246
915 651
367 406
560 874
51 564
516 825
59 830
833 903
903 107
2 757
323 101
309 442
87 762
276 53
522 269
116 948
872 714
284 584
727 212
9 295
871 661
380 811
911 258
492 634
312 263
427 225
946 851
621 850
894 601
753 347
384 700
773 190
479 157
741 202
445 797
985 312
930 395
949 413
753 308
436 192
40 681
368 278
756 905
649 497
156 199
229 567
947 756
472 788
256 533
339 612
344 462
593 591
942 552
543 779
805 464
751 628
40 854
60 265
185 889
231 496
433 441
644 993
459 749
636 555
288 499
718 877
331 439
648 371
960 37
944 922
752 926
819 490
16 397
74 159
718 668
858 995
988 822
671 38
970 358
992 869
559 152
230 485
177 239
107 362
698 571
257 183
900 975
266 943
504 430
408 696
713 30
514 89
175 163
442 108
760 223
98 986
172 437
724 890
505 964
272 483
770 382
186 105
653 958
813 188
962 662
356 770
529 525
612 586
219 16
2 566
385 422
388 515
462 692
854 650
820 526
858 377
91 90
254 570
241 329
169 756
167 929
498 120
319 122
697 174
385 121
60 890
591 526
878 198
318 422
925 70
360 248
844 580
431 370
930 431
894 964
133 132
887 133
707 291
618 906
69 774
711 347
839 294
18 196
351 88
722 860
463 562
359 637
549 669
455 430
48 749
456 947
678 66
516 121
520 124
209 849
677 138
493 537
42 506
245 136
507 645
718 841
538 499
575 956
338 365
47 375
179 935
861 863
109 730
889 14
961 617
175 403
432 364
382 205
995 977
538 149
666 462
461 706
318 853
689 798
619 34
893 735
692 670
842 271
954 713
408 353
454 519
300 215
926 679
362 936
993 794
867 801
928 967
9 57
19 912
529 600
751 455
55 460
702 793
266 962
208 461
315 355
270 677
533 225
220 316
587 856
681 839
190 431
216 742
72 330
716 659
309 99
369 312
685 648
797 462
673 192
301 767
233 729
15 433
874 945
459 267
186 577
61 563
869 460
747 992
859 298
754 60
526 982
543 540
322 176
695 753
312 902
797 129
817 835
633 151
916 625
991 223
792 575
540 933
42 939
389 927
751 575
402 282
813 892
208 597
327 86
862 219
496 464
773 842
80 543
875 348
24 802
350 414
288 912
344 851
217 459
892 315
883 742
684 781
151 600
737 893
224 296
692 707
73 21
243 802
651 442
83 953
603 901
428 30
921 144
562 162
255 688
547 202
540 927
556 388
116 179
851 320
870 108
594 98
958 643
998 128
980 651
100 694
167 779
849 176
523 51
685 210
441 70
849 193
104 904
260 137
751 46
812 354
595 530
320 672
851 764
746 490
985 690
52 287
271 63
897 484
682 882
739 639
167 254
848 960
578 291
579 6
1000 81
731 451
626 23
240 422
669 9
731 368
810 97
481 573
373 711
674 976
383 251
631 72
796 35
35 723
296 643
805 315
808 465
420 799
785 847
757 530
792 650
922 633
784 618
877 345
722 171
40 778
23 451
524 612
467 205
572 376
4 508
832 149
204 571
156 857
435 408
916 188
244 776
779 527
231 2
736 480
883 627
68 977
258 930
390 767
796 534
525 112
927 300
909 785
890 207
404 943
666 6
357 969
943 598
913 21
96 109
16 667
461 795
392 894
928 912
286 350
400 717
940 975
281 382
653 417
486 257
197 946
881 801
158 39
417 255
96 314
594 473
836 430
780 250
38 600
369 375
670 45
382 816
