813 1081
771 696
237 374
424 398
148 409
73 193
702 174
437 406
612 600
796 8
51 376
302 449
180 156
483 572
680 70
754 446
81 494
656 519
368 305
517 736
751 717
627 28
751 596
343 715
369 427
253 661
462 475
318 611
671 237
381 2
511 682
327 202
517 634
791 134
333 159
89 342
181 248
200 504
616 227
548 326
76 155
580 453
210 132
679 569
506 712
35 745
693 773
232 787
253 707
683 29
87 216
597 716
658 705
492 213
333 449
385 163
712 15
610 693
664 144
469 629
445 789
16 60
388 661
429 786
668 103
792 416
557 529
517 40
323 549
219 160
550 804
159 262
790 226
225 12
289 690
784 717
162 191
625 317
540 169
435 462
350 342
697 64
489 735
735 506
679 566
773 98
385 629
637 50
635 739
645 720
450 763
712 352
647 615
281 551
51 697
541 674
4 54
727 600
65 445
644 85
33 353
33 148
470 798
189 198
589 801
370 301
671 211
651 450
481 617
704 338
620 472
796 3
305 602
688 165
418 421
93 207
94 298
181 365
447 139
389 575
714 216
722 312
444 252
103 292
484 375
253 151
573 461
525 281
629 51
662 288
493 499
576 339
188 703
175 181
53 91
802 191
564 180
494 327
810 44
353 594
772 309
233 167
3 550
127 537
257 413
114 117
612 500
649 793
214 163
551 661
445 317
54 324
404 533
368 803
466 142
262 289
663 471
495 394
526 550
780 428
696 322
766 594
174 157
767 511
89 400
771 225
462 63
379 411
673 209
111 384
262 801
507 473
670 631
524 312
528 545
293 409
452 219
224 196
410 525
203 637
450 59
278 309
119 499
212 751
283 353
751 606
810 721
193 804
81 170
741 209
173 708
608 376
373 99
163 744
428 274
247 590
586 340
138 161
795 325
81 59
143 144
231 514
642 423
164 487
448 409
191 627
734 247
799 719
52 779
582 544
567 684
344 163
566 550
332 503
804 564
619 44
267 403
421 744
212 598
353 34
582 297
272 752
111 258
596 176
168 158
642 575
458 301
362 316
381 461
345 658
498 787
195 762
683 761
546 624
93 540
616 344
327 96
151 10
276 376
805 166
526 498
329 790
523 266
356 181
686 244
338 310
316 161
497 451
53 496
100 219
230 539
813 457
271 654
191 625
53 108
813 64
753 239
604 498
748 692
231 751
250 576
451 10
633 294
597 221
658 84
305 323
280 813
756 648
162 664
550 410
468 177
37 584
391 617
764 639
492 430
603 238
78 350
295 326
84 392
788 555
352 108
112 662
734 765
41 511
304 563
313 342
305 273
89 28
470 254
801 98
438 531
114 781
717 23
631 497
207 564
139 31
225 480
185 550
488 723
322 490
646 259
394 206
229 277
447 121
170 322
464 635
195 347
702 141
713 327
557 758
169 717
432 688
685 749
6 608
648 469
123 345
809 713
397 432
779 256
362 53
30 58
559 615
257 764
39 90
750 471
260 701
603 726
360 644
708 223
319 424
557 461
378 99
533 285
106 412
774 404
798 196
541 301
212 357
143 179
393 806
333 565
342 259
481 693
114 438
505 542
510 597
508 105
44 743
335 480
495 799
48 432
795 267
341 271
324 437
180 121
638 505
60 799
559 784
490 9
584 100
468 173
230 329
797 93
575 364
553 706
639 205
662 647
123 254
306 264
142 361
707 561
375 711
229 643
296 185
468 250
684 251
417 759
349 260
50 504
34 414
101 696
124 488
476 418
478 255
639 621
762 363
107 475
228 232
99 698
546 554
811 423
285 572
559 183
401 476
297 301
106 589
710 778
794 700
808 289
176 251
468 604
264 402
111 297
209 218
415 801
466 426
575 540
28 549
231 74
25 338
414 681
710 234
745 246
321 337
323 511
601 91
21 42
12 574
447 729
540 429
509 249
284 377
247 454
726 163
256 694
655 237
167 416
284 670
478 789
551 243
237 46
229 401
610 245
669 19
319 154
187 707
806 436
124 239
165 666
119 751
594 73
798 134
622 311
604 445
80 378
18 631
172 647
314 219
716 724
593 37
511 654
126 258
272 450
344 308
725 452
812 196
694 7
665 268
352 543
174 116
25 711
678 399
773 709
812 303
787 60
397 323
253 501
572 313
548 753
485 212
203 733
116 157
664 557
206 509
581 512
390 27
243 375
648 592
401 17
663 367
313 266
156 642
498 707
782 112
343 563
348 137
787 24
677 594
17 65
768 102
437 79
234 212
416 799
736 457
751 563
785 272
415 286
354 570
189 38
670 250
12 110
530 601
466 121
280 431
200 340
680 643
269 404
606 481
800 65
508 114
194 425
215 208
95 690
403 735
208 675
520 64
649 361
790 713
199 53
687 103
61 334
792 214
540 486
227 494
539 221
599 676
460 59
796 44
330 369
739 118
285 435
787 413
745 662
163 587
126 278
143 319
693 4
157 695
750 349
471 698
679 113
612 543
712 272
741 381
100 331
788 656
418 391
601 80
521 227
541 312
480 271
552 449
55 507
513 304
176 8
21 130
186 53
751 746
622 230
256 689
149 649
68 588
480 357
789 741
329 708
274 712
461 734
811 253
135 488
410 564
124 293
522 670
182 791
33 505
80 612
354 31
521 533
419 161
618 531
409 441
524 83
446 449
148 234
344 120
555 443
316 538
412 774
477 685
88 681
579 170
9 316
469 393
567 302
634 446
321 329
342 604
155 680
410 402
694 354
142 400
304 713
395 738
201 438
396 326
677 152
313 263
521 298
93 449
309 682
111 350
588 599
171 12
2 442
257 162
596 205
335 290
420 618
437 578
142 242
280 215
302 38
350 508
637 311
792 450
212 5
433 813
578 782
342 225
228 262
565 564
500 108
167 307
106 231
420 658
365 452
217 799
711 158
26 702
237 637
13 371
301 158
70 695
177 400
741 355
414 327
90 313
30 294
323 600
69 37
103 451
193 48
812 336
392 67
367 612
297 785
200 782
257 746
461 500
519 605
98 689
127 60
611 428
240 447
324 360
201 789
648 799
344 650
661 588
542 690
782 721
499 437
109 502
110 508
335 119
797 424
567 156
226 424
132 623
447 528
199 398
407 596
384 102
592 315
704 74
377 340
625 429
506 647
316 551
512 354
712 431
71 128
681 251
624 426
694 315
772 498
805 364
195 13
544 173
423 7
558 397
301 273
429 211
193 497
461 595
741 16
595 712
504 660
685 118
372 279
572 337
195 333
760 754
154 503
637 43
669 246
592 763
659 108
491 558
154 336
52 113
315 224
230 324
352 704
356 166
597 411
223 420
386 424
634 346
786 753
764 309
3 786
294 109
570 772
770 110
575 383
753 143
251 609
67 566
485 451
168 534
558 665
627 305
425 566
314 169
698 454
318 540
459 673
249 238
551 586
288 9
455 119
206 598
281 458
587 586
280 807
774 29
171 677
36 175
540 144
659 91
137 668
649 490
7 350
216 504
542 721
646 662
655 4
740 130
766 348
553 582
441 600
637 738
561 338
403 383
538 533
241 691
157 242
682 714
772 645
293 241
200 331
798 375
414 545
248 700
264 682
742 428
576 7
431 516
34 293
232 464
680 613
326 240
598 318
690 567
585 589
801 536
782 482
752 234
585 704
545 474
249 568
637 37
571 432
371 170
231 677
261 411
318 708
202 578
572 715
757 248
797 187
32 795
688 171
437 250
66 377
232 119
643 717
365 740
320 18
536 216
428 176
737 138
520 187
361 211
749 214
239 603
599 478
485 107
646 735
675 267
431 682
478 438
356 516
500 138
765 807
488 690
106 769
396 509
289 579
424 196
509 474
480 354
476 179
571 669
579 650
586 600
197 671
374 429
739 399
668 13
50 645
72 469
134 128
686 685
85 335
247 384
766 286
141 361
248 277
561 753
35 473
574 332
504 595
336 496
193 311
380 285
5 502
341 348
275 605
324 337
342 656
282 418
15 331
314 613
606 639
425 683
740 547
754 469
162 142
296 794
577 116
411 523
633 744
701 627
82 386
413 778
518 481
390 426
513 302
325 205
490 217
666 642
738 791
620 189
400 448
688 629
603 489
21 561
265 570
13 705
392 451
492 116
728 157
291 692
21 745
315 216
492 716
339 132
31 780
336 137
526 506
657 566
260 323
353 554
135 304
468 271
127 511
741 489
756 716
93 125
750 197
433 679
143 596
749 89
813 356
13 655
774 575
237 389
151 759
149 73
460 420
407 350
426 439
160 803
521 33
418 774
240 580
521 213
613 364
761 371
469 642
758 41
32 256
493 710
105 157
130 355
454 406
670 211
320 342
692 351
735 69
544 597
618 113
277 28
767 592
165 499
607 492
154 101
656 576
470 712
724 200
70 780
240 402
368 679
328 185
788 410
438 633
509 431
784 351
565 673
413 287
103 274
448 774
537 540
436 434
160 444
542 583
662 533
549 414
60 255
223 357
162 403
135 711
594 249
362 808
282 637
427 169
256 402
460 550
256 166
212 391
306 598
378 327
80 83
162 750
400 242
413 438
101 31
274 387
748 729
126 668
676 82
428 775
159 23
708 430
304 740
737 673
398 524
387 617
582 632
288 420
354 175
536 622
189 101
739 782
762 338
454 713
87 479
190 302
542 3
61 20
327 760
37 184
56 206
121 490
589 328
622 628
181 204
520 624
265 598
53 717
484 138
312 723
209 243
681 498
16 266
391 90
101 710
755 805
281 205
668 508
761 65
731 8
46 605
522 101
241 179
392 423
331 629
351 708
62 777
594 722
727 264
389 333
4 91
25 250
505 51
22 106
530 562
196 117
240 366
407 493
536 107
345 732
470 446
358 51
301 38
396 724
798 527
81 42
331 31
729 386
705 782
346 297
658 263
556 718
114 454
267 532
163 381
83 215
343 518
49 27
551 183
