931 935
911 616 283
454 279 -87
36 839 430
452 373 -205
586 500 160
837 338 930
189 750 -117
854 53 988
685 814 841
652 503 570
249 925 670
231 723 252
74 463 797
476 349 473
557 174 -267
370 221 725
603 905 390
649 54 -27
450 455 -633
651 375 345
420 601 647
154 197 923
205 107 710
30 716 515
753 324 111
588 385 -12
183 522 -647
635 186 -458
89 101 855
104 896 166
592 324 460
125 691 -793
286 480 -229
64 874 935
340 618 846
282 456 -748
442 242 -912
857 387 815
133 605 126
703 696 -384
659 538 -391
740 642 164
537 777 354
204 371 344
558 577 322
519 624 -994
504 170 -363
248 326 -860
236 771 499
409 374 -589
16 156 93
754 900 876
53 573 -136
802 298 -277
348 809 319
70 684 995
353 307 90
533 371 -48
115 389 -499
274 766 410
178 16 798
630 751 -286
611 334 88
365 78 -819
926 353 -922
246 176 -761
155 911 560
745 687 132
178 576 459
486 894 622
419 134 534
325 80 904
13 19 -626
325 650 -266
257 243 -737
545 223 -245
742 722 -397
741 558 -440
836 810 -29
507 557 -355
923 346 -806
282 912 216
530 320 89
707 155 796
109 171 129
411 295 461
681 275 305
132 771 378
794 427 752
502 347 -166
407 194 845
525 690 472
271 199 298
171 161 -16
655 370 -664
179 819 773
51 424 -366
920 33 -175
475 715 585
393 817 -457
892 54 305
713 928 -645
83 124 -366
307 253 -985
294 186 172
556 34 -213
837 524 661
870 430 -953
573 921 283
434 552 748
663 200 -157
494 912 -220
741 222 580
362 600 526
492 838 -472
255 652 -569
282 627 729
720 835 915
713 528 469
46 472 709
526 463 269
373 792 -419
650 364 292
497 177 -579
625 384 -335
287 634 -300
526 913 -843
216 776 -455
491 522 -981
313 392 528
100 59 549
548 23 -169
421 881 877
659 462 668
356 894 960
125 443 317
640 38 -130
628 153 -586
392 931 115
772 218 -862
128 591 -192
831 887 981
255 764 -733
685 920 -550
889 402 169
460 458 -187
834 750 -840
177 927 -707
587 799 -627
718 115 143
334 675 434
446 760 -544
801 420 590
431 102 -459
268 665 -374
872 365 -401
739 606 -924
289 304 -677
488 581 896
705 889 474
236 128 -391
555 170 -437
432 604 612
416 419 724
644 626 -506
778 876 -652
612 655 -127
646 74 -368
23 286 78
353 373 -242
360 577 -801
731 56 -714
243 285 -561
736 785 -671
738 714 -387
588 286 -908
923 255 -394
363 602 -557
452 567 -790
594 850 -341
289 693 -45
256 745 -187
553 209 -224
447 849 576
836 327 79
254 55 -977
801 359 96
291 887 871
106 532 -936
599 358 237
232 771 849
852 422 -549
57 914 -424
182 627 147
704 610 417
71 30 -71
417 53 916
46 562 -49
512 892 -753
356 202 772
435 712 -889
291 748 -735
793 261 -990
666 95 -396
745 133 982
686 852 655
346 322 498
152 786 249
782 476 -954
897 304 151
891 671 32
897 647 505
182 850 -955
259 668 -52
26 58 968
711 719 -810
530 524 -720
452 450 -563
478 913 -339
627 275 983
810 660 -68
152 352 -515
555 667 390
98 739 -750
720 847 387
31 644 -877
782 431 470
307 883 32
18 632 455
460 449 306
476 344 640
485 632 -209
693 548 378
309 866 765
686 53 -879
113 446 625
564 385 871
414 304 -887
73 172 371
341 816 -435
96 222 71
290 288 387
667 710 -958
521 150 -712
444 637 473
802 336 -34
550 354 -68
151 409 -879
762 549 -773
819 534 531
177 617 -635
78 53 391
87 514 -799
827 687 222
730 445 211
816 133 476
113 221 -166
740 899 330
184 297 785
193 811 -802
507 37 371
408 143 -56
452 870 904
551 59 -862
342 333 -109
323 141 152
908 883 799
599 377 699
626 108 -683
646 384 -373
630 147 -265
699 125 -35
898 441 -877
258 798 88
792 191 -751
361 559 582
478 183 148
99 385 -893
711 549 -492
318 111 102
35 780 141
56 468 -485
926 625 -743
803 812 139
45 57 -949
160 772 -818
666 126 -924
644 94 -125
632 685 212
488 181 -809
318 172 -97
408 803 -880
751 428 591
871 31 98
744 262 996
401 613 304
767 389 -483
82 329 -810
541 554 933
908 273 -903
27 270 -663
347 45 471
381 631 -918
307 81 -988
64 106 869
129 842 414
794 85 896
485 325 -878
658 458 -805
18 507 -901
267 674 -656
901 57 59
878 317 254
864 733 277
831 278 -838
869 581 535
19 812 -719
750 389 43
269 210 334
352 580 769
797 485 718
88 132 918
238 917 823
186 241 -535
254 842 -262
655 821 148
240 818 -69
853 84 -965
420 149 -992
253 761 730
337 70 -426
352 60 -107
108 228 559
863 741 908
153 24 893
848 197 -754
559 668 -261
875 777 21
751 718 475
12 220 -489
451 712 647
449 574 994
545 207 203
570 899 -417
823 516 353
193 298 -896
276 414 78
477 930 912
315 575 -186
585 709 -140
520 493 19
113 134 -571
136 882 -840
667 834 -233
315 497 1
261 138 514
911 640 -517
593 387 759
672 550 -714
505 517 -361
495 779 -380
864 452 700
327 564 628
446 396 -116
122 189 92
141 70 507
590 456 -113
882 765 -490
917 178 735
871 354 165
193 99 765
656 10 598
769 201 411
414 731 -34
122 703 -299
659 792 -4
888 453 -993
11 435 835
438 62 832
753 365 -13
172 3 66
930 525 187
483 275 838
867 887 -449
56 733 834
819 205 -29
309 78 446
532 372 514
906 877 -578
274 827 -202
131 452 916
126 68 -518
233 846 -391
187 331 -664
447 245 889
287 278 -796
735 613 338
883 250 878
572 283 -899
886 430 -743
354 292 311
40 806 576
883 236 303
30 393 -661
160 51 -187
325 698 -792
33 68 924
524 720 -114
831 223 -343
121 308 723
432 446 857
131 228 990
845 142 744
846 548 -968
96 782 -344
754 629 -472
735 343 102
874 434 694
902 425 -316
133 80 605
58 609 -108
327 777 371
325 450 840
693 195 752
859 413 779
40 746 -231
33 756 330
417 109 732
115 192 -217
224 161 989
179 392 -373
800 880 865
305 452 -116
238 575 515
785 744 -713
445 274 -704
274 24 22
836 199 607
834 660 -855
141 685 -689
1 921 -533
641 664 3
794 514 327
429 869 528
189 635 -636
496 469 130
699 668 -601
61 688 156
65 794 714
443 489 333
724 237 -425
405 655 207
240 99 -674
373 779 272
740 292 -817
338 284 630
883 71 875
847 96 300
487 668 -502
441 208 30
334 198 -192
843 219 923
870 697 -228
598 757 -472
27 187 -956
644 722 556
85 396 847
616 586 741
442 848 412
740 829 329
536 292 -453
892 472 316
390 761 644
130 184 129
451 532 146
522 263 586
226 387 -337
557 674 852
861 466 247
189 10 297
342 156 -528
540 235 249
11 621 79
698 700 -950
496 335 -361
551 647 -383
348 125 347
419 117 489
921 679 -60
901 753 955
819 633 726
214 294 -79
334 7 341
96 694 217
421 536 -164
9 169 825
287 820 -653
119 838 267
40 825 336
412 715 -602
765 3 287
433 123 -483
634 404 936
166 153 -2
563 68 -422
177 915 -174
514 158 -491
41 388 -409
313 647 235
123 645 -172
218 135 -179
672 626 381
617 175 288
233 565 -44
612 99 -808
623 24 -711
905 146 668
754 923 -425
895 315 -895
266 267 -540
282 269 93
314 73 -322
893 548 -179
475 413 205
391 227 680
819 24 -524
349 526 273
23 771 645
885 730 418
875 79 174
63 546 -998
223 429 -508
860 619 670
832 724 -264
393 763 -191
125 11 -622
288 322 28
596 836 -964
889 757 190
252 47 819
29 762 43
199 162 488
113 187 -497
801 612 -149
590 252 125
75 451 -292
131 897 678
9 890 -325
157 680 -824
765 425 -828
907 824 -195
577 767 56
508 790 -192
312 83 -884
548 671 891
659 445 -717
341 422 -389
914 898 -618
152 148 983
200 255 263
650 674 644
714 900 -641
86 88 -396
261 559 139
789 885 178
14 231 331
311 383 40
436 74 -115
662 4 207
376 331 -38
736 479 -88
38 687 988
131 652 -424
818 682 305
403 638 223
377 811 233
219 85 785
642 315 236
470 173 -695
579 621 815
665 194 382
72 35 716
369 31 -82
620 851 -214
383 612 -309
726 39 59
151 537 637
364 785 -471
768 54 65
582 563 417
623 505 305
920 490 -847
7 656 305
876 878 -237
288 607 -945
105 618 520
484 667 -604
51 447 -788
818 16 -91
750 316 -506
612 446 -293
83 186 -774
468 166 502
85 617 -591
421 250 945
285 607 -819
405 744 -546
918 176 765
656 706 -207
670 417 -60
133 858 -553
106 16 236
741 227 435
885 306 -998
61 515 -604
260 172 817
624 153 -871
340 224 -252
336 31 -121
772 593 967
742 570 -926
451 752 255
179 810 636
621 824 -734
652 616 868
908 436 -162
919 910 -893
61 193 715
635 374 291
467 71 -527
582 167 -546
906 42 162
619 400 216
668 795 355
589 826 445
597 862 -421
167 294 -64
23 630 -885
578 36 -511
131 416 326
369 414 -403
355 818 684
180 227 -465
288 599 -460
224 666 402
825 94 -927
658 716 904
524 68 585
873 232 526
378 907 623
517 385 -636
273 709 560
493 715 -457
882 345 349
424 167 132
17 144 -93
460 453 -474
918 859 757
288 23 -435
8 224 -507
237 107 302
702 907 -351
125 495 -433
726 593 381
182 195 -988
729 111 783
392 31 447
637 792 -642
918 261 -267
262 310 409
60 367 -208
414 520 343
396 213 -140
621 23 769
156 423 -351
284 592 229
731 199 -904
563 653 -280
53 765 661
632 776 -842
589 548 261
926 320 999
137 646 -464
32 781 -460
307 321 -74
917 433 290
84 454 399
454 160 362
354 134 -211
804 463 -111
98 563 -1
50 738 683
4 15 221
745 6 810
300 594 -567
791 68 793
693 237 26
299 421 -448
917 243 -966
802 186 959
246 749 -189
673 520 -962
5 439 181
886 191 -523
278 453 790
920 560 332
343 931 -666
38 829 836
369 319 452
309 206 4
199 822 -644
226 491 969
42 9 -998
483 319 159
263 135 453
61 415 279
258 523 -169
772 410 144
487 116 -443
361 407 -601
400 256 -440
271 454 522
401 911 -632
380 632 645
143 99 957
756 631 -663
831 840 750
696 700 -398
600 528 -593
283 64 -787
823 463 89
882 5 -807
780 397 108
552 554 -125
632 815 -176
804 625 -48
21 655 -572
635 366 430
516 703 956
320 58 -676
80 455 922
319 873 -256
333 874 -643
409 207 -772
669 380 -324
701 176 674
683 867 -470
483 456 -800
424 16 876
203 229 893
485 38 818
381 182 -590
266 689 22
296 299 -195
265 214 64
91 242 160
823 76 81
854 289 -715
881 473 -393
81 133 -880
660 595 402
180 263 -443
483 570 -476
511 139 -584
591 619 -239
557 840 517
216 578 939
367 640 229
903 271 670
617 888 -287
182 61 847
897 390 -644
688 107 -948
746 648 -975
540 504 -862
689 582 113
598 664 -150
815 6 222
160 290 560
120 126 -745
547 560 -113
684 415 -672
8 536 946
549 266 -929
661 65 318
468 322 -472
353 685 -745
418 518 -272
785 376 -628
420 259 298
409 509 -865
638 359 -724
231 869 -940
766 254 -650
163 783 -439
724 828 -907
316 606 -344
539 336 -88
40 705 247
208 344 -804
923 417 -337
248 869 731
239 28 885
672 407 -118
627 797 603
318 399 -317
433 269 656
225 28 -177
840 281 -82
779 361 -805
46 834 724
101 652 -488
385 60 -474
680 66 69
282 597 -586
846 277 487
595 635 -620
94 53 -721
276 379 990
922 574 -352
907 560 358
111 772 -699
874 709 78
194 887 -853
469 623 -6
379 919 147
154 833 959
53 564 -747
649 403 -95
191 844 -523
666 860 -195
661 26 398
153 327 948
389 902 -58
814 461 -277
335 800 -571
831 893 -287
311 155 549
371 62 436
39 769 779
161 644 592
730 559 721
261 447 -634
24 551 251
120 82 25
503 307 6
703 584 764
49 655 -195
394 713 -147
540 453 48
489 477 -190
32 115 -562
235 643 960
600 179 -830
340 645 -770
849 503 -866
119 335 283
138 926 -822
577 883 677
733 910 416
664 206 -861
493 15 -615
835 587 -10
157 392 749
497 306 747
205 587 -310
309 767 272
454 184 301
706 3 -956
740 409 -230
50 5 -361
103 743 738
798 169 -525
118 906 658
69 586 171
358 395 350
355 285 583
168 908 807
201 549 188
194 765 -13
380 407 796
106 929 564
508 684 38
315 69 767
566 770 -931
35 611 128
60 357 -47
323 88 524
127 507 86
751 583 -653
639 778 -454
728 544 -655
284 553 609
484 400 -293
350 700 688
579 175 -279
369 99 -466
892 874 -139
210 835 290
8 618 -171
402 74 400
164 426 501
685 124 985
95 802 978
889 436 141
547 727 -820
484 364 -854
621 281 -832
745 304 -2
557 261 -410
876 864 701
197 445 660
901 143 99
633 8 -521
655 701 69
42 426 -94
148 447 -515
287 283 -717
701 457 -688
600 254 470
775 509 893
592 151 203
270 719 -784
264 615 -849
683 35 947
564 262 384
239 912 -468
471 74 731
927 139 -887
735 520 69
256 707 -678
707 216 623
898 844 78
128 177 -612
323 724 607
