865 2805
67 248
584 611
471 223
654 64
225 433
833 132
669 203
210 167
122 197
214 232
751 260
422 421
667 285
558 348
11 740
652 539
126 532
861 607
699 339
75 669
439 565
583 246
344 288
125 741
56 468
475 352
594 717
823 410
113 69
446 244
356 399
747 316
821 835
491 183
310 82
609 614
153 396
187 52
101 700
301 426
620 136
87 670
18 482
794 835
818 29
337 756
818 231
620 740
825 175
865 64
131 644
45 54
23 26
22 805
669 830
482 397
800 549
453 418
257 95
768 392
150 89
44 129
743 378
381 289
671 36
834 269
648 30
365 167
59 836
6 205
560 308
264 262
138 93
443 637
379 483
422 749
315 120
754 796
521 63
799 655
233 279
236 465
205 798
799 327
230 196
714 228
515 534
644 178
76 359
294 298
352 301
481 785
208 55
337 853
662 469
693 208
769 61
647 643
524 684
407 720
598 280
486 444
316 564
151 32
462 192
542 165
529 653
411 351
857 328
379 361
714 707
125 228
823 575
576 736
81 423
104 523
581 7
231 199
608 614
401 99
240 666
78 3
425 101
634 454
30 166
160 502
17 584
252 612
843 11
147 61
848 94
834 764
243 241
80 573
85 265
583 766
408 680
397 72
163 93
243 725
372 77
601 811
581 714
571 430
767 659
643 714
202 115
184 730
833 645
619 341
452 180
551 322
37 259
2 295
793 16
524 795
122 567
195 234
651 408
119 603
446 519
93 708
714 831
282 415
54 162
113 693
762 491
444 240
616 533
60 12
65 564
173 299
139 615
363 382
365 292
183 317
556 313
609 408
405 227
123 235
53 583
572 6
115 8
741 324
834 550
581 208
33 176
469 503
571 326
20 704
707 272
856 758
638 807
786 161
434 522
274 77
466 270
686 665
653 421
654 269
638 694
269 785
805 762
384 767
424 497
425 88
211 126
308 86
718 627
738 562
443 684
320 620
134 771
46 428
433 771
586 634
76 476
437 850
41 620
26 690
100 298
672 277
765 627
718 5
162 296
531 474
589 154
661 680
385 79
296 574
315 266
617 209
211 768
344 384
310 628
774 809
706 498
263 251
488 298
200 169
734 284
790 789
763 35
152 705
102 816
748 232
859 544
604 543
289 123
717 675
370 559
136 85
465 673
709 46
589 283
624 53
198 88
810 598
44 630
688 138
379 634
448 374
159 146
249 142
715 136
236 775
809 278
350 125
426 527
308 36
291 164
75 717
651 75
48 518
855 790
414 290
384 369
557 285
445 515
299 760
464 782
690 373
141 429
508 101
207 163
65 528
465 395
212 286
853 776
178 487
589 270
326 354
329 17
75 629
387 772
337 209
393 154
857 80
841 142
672 323
381 136
239 611
257 304
100 730
466 61
676 533
550 428
205 736
320 85
167 115
296 531
462 416
339 407
88 288
354 295
186 603
370 297
703 425
281 274
29 255
656 322
33 228
630 581
319 40
155 834
176 167
527 401
26 662
462 97
301 315
89 737
850 97
428 15
50 204
847 553
759 820
526 117
359 171
494 198
277 446
557 578
445 275
389 226
70 543
507 147
752 23
736 700
737 677
310 777
848 352
497 345
319 85
216 714
287 523
697 304
366 16
349 40
60 61
356 46
324 423
324 439
272 85
493 115
426 483
169 504
172 3
173 139
836 42
233 416
343 575
199 289
552 609
48 395
261 307
355 552
407 99
285 429
360 839
752 633
418 270
738 81
370 23
498 32
61 252
300 596
217 696
570 323
784 715
588 755
221 523
518 116
3 626
426 603
43 731
392 284
619 274
472 95
623 556
169 590
387 685
521 6
796 535
753 835
310 733
793 783
758 508
579 132
747 176
123 695
35 76
71 303
800 529
395 116
640 703
832 649
26 530
262 809
156 292
376 754
788 831
565 13
312 56
75 269
316 529
716 18
283 129
42 225
225 327
262 332
45 84
85 530
788 855
147 179
705 283
526 283
159 365
57 162
647 200
188 659
689 783
335 556
301 449
486 392
162 50
256 632
94 55
424 95
98 42
673 735
102 760
582 694
235 568
767 163
694 567
492 169
312 266
276 173
404 330
360 118
16 392
731 716
716 723
790 755
576 523
369 771
722 444
603 175
680 797
229 860
625 613
398 657
537 715
613 491
833 13
63 782
691 548
428 710
325 436
471 53
256 639
846 163
22 508
817 367
158 161
834 361
440 454
208 162
227 85
690 838
529 54
606 467
37 674
849 785
245 229
101 676
64 576
268 859
194 304
515 349
370 213
537 578
632 131
741 303
353 614
796 635
340 242
440 809
618 239
591 856
465 743
716 204
583 231
273 789
698 485
590 762
42 641
242 434
152 449
597 268
176 621
529 47
332 556
551 335
132 402
425 424
301 411
377 282
547 479
400 303
807 476
476 602
590 329
471 500
32 373
657 201
216 7
290 392
198 262
779 212
781 168
489 165
366 541
210 684
85 566
510 785
520 829
109 489
253 683
73 77
772 6
173 218
584 681
341 297
616 776
146 563
769 617
497 400
174 437
117 466
745 39
158 705
501 407
20 223
496 669
747 512
156 495
70 187
491 146
473 643
555 179
581 229
178 39
673 172
431 857
840 577
486 476
567 93
630 644
557 167
541 109
802 517
178 158
717 289
537 336
648 386
336 639
741 427
228 110
474 741
681 94
534 616
478 260
528 284
445 26
613 412
139 614
485 777
287 294
99 721
608 629
95 78
29 819
715 117
453 534
535 795
827 265
206 317
619 36
200 704
224 123
493 528
43 183
355 499
67 742
647 340
358 620
679 756
693 263
834 178
637 329
430 114
107 35
478 414
442 600
618 707
360 676
595 794
100 324
229 56
853 547
825 98
34 739
376 278
75 792
367 613
833 289
523 102
716 645
569 292
851 783
476 791
646 96
794 290
177 95
529 599
270 771
695 557
484 275
367 70
421 559
263 267
102 817
488 528
54 193
755 412
245 732
320 88
249 102
163 201
466 51
743 646
148 198
855 638
338 302
397 386
36 19
56 380
864 622
276 415
850 443
116 651
155 525
355 264
670 252
764 15
322 22
397 584
859 293
381 142
573 752
227 143
726 183
746 196
34 72
842 294
492 345
847 732
814 271
617 388
396 745
15 207
498 140
836 722
139 73
324 91
850 790
602 793
424 487
650 224
210 789
679 729
855 185
450 519
737 569
45 538
374 494
467 312
416 69
552 540
241 397
629 364
222 519
26 652
522 777
669 529
66 157
266 446
2 254
421 819
775 371
71 29
96 161
209 329
549 445
266 71
195 266
286 2
608 204
453 74
81 633
190 510
669 14
470 862
218 661
458 459
829 797
149 379
553 575
484 110
854 101
323 853
192 233
441 299
823 719
209 845
556 535
580 702
451 185
536 539
496 573
560 215
351 753
359 287
190 820
347 105
203 118
628 79
373 596
531 551
825 838
241 447
205 657
204 671
119 847
103 196
636 205
157 210
567 338
290 314
184 350
304 792
350 207
36 87
439 263
141 678
118 42
91 82
671 234
705 291
469 308
857 511
130 809
238 190
790 123
666 61
8 469
796 195
592 226
526 492
656 704
804 825
677 64
606 190
538 556
761 764
47 781
358 488
681 617
810 562
556 517
762 203
36 62
127 522
57 586
403 127
443 475
669 104
716 389
832 736
520 582
799 273
68 382
144 849
827 251
423 27
651 297
840 681
508 815
180 316
751 71
132 447
836 573
543 774
603 641
236 303
380 798
53 91
716 301
376 396
170 722
62 785
692 262
417 586
454 593
660 512
679 599
38 293
645 323
596 858
171 426
296 656
50 445
165 275
405 517
444 362
340 299
397 518
483 176
398 655
437 261
760 502
705 395
193 148
832 474
622 767
627 752
590 484
857 697
540 713
264 543
83 325
255 564
366 66
121 414
800 410
68 243
289 762
570 707
516 334
539 845
407 396
387 370
82 540
176 719
357 219
414 18
555 528
795 660
776 610
850 537
501 635
284 554
857 467
572 824
415 260
810 500
575 564
544 862
745 51
728 149
467 235
711 802
269 470
676 106
34 573
369 359
206 249
301 272
233 189
718 739
23 626
688 364
147 49
522 338
152 665
435 289
718 445
456 214
478 129
705 195
264 66
798 206
600 849
784 564
735 364
403 377
69 129
67 666
810 196
777 655
674 202
710 707
752 379
454 546
73 670
420 803
240 756
518 556
777 536
316 140
833 30
349 820
764 794
351 463
100 304
524 69
88 194
821 368
74 61
573 496
779 702
92 649
173 765
502 646
216 555
597 851
324 385
550 718
150 216
744 746
233 374
10 387
238 314
630 230
7 797
746 265
782 278
253 657
159 754
590 709
683 831
228 744
463 575
377 698
233 747
163 358
554 32
518 655
57 88
494 768
253 62
442 290
761 858
687 582
285 483
621 318
693 81
622 105
145 561
681 204
366 299
332 770
80 368
481 438
506 97
801 176
16 802
470 325
643 565
788 125
664 590
154 455
524 202
59 618
697 696
179 501
180 493
846 862
595 167
615 845
675 648
752 731
383 281
304 262
13 215
161 377
752 255
716 461
845 601
330 486
781 363
299 858
821 331
694 572
789 370
809 153
757 243
813 577
709 448
121 580
548 644
773 377
793 224
295 11
358 241
285 143
807 451
344 544
443 85
193 654
270 603
310 487
353 832
546 218
414 794
452 489
795 396
332 135
377 794
375 227
250 382
271 36
277 492
221 778
94 125
368 62
720 849
422 681
633 862
688 223
172 832
749 133
733 182
60 27
122 784
200 372
619 236
472 521
635 464
328 451
399 429
757 571
665 626
758 364
577 859
321 292
503 84
430 673
397 583
548 793
805 405
774 689
705 1
559 273
565 655
580 138
256 243
481 559
471 12
644 860
395 85
591 17
665 829
6 434
362 326
118 713
326 821
642 682
712 410
350 529
498 681
544 612
190 755
709 508
68 542
308 619
238 170
723 637
283 428
670 712
470 836
199 784
538 201
185 212
762 76
638 833
489 123
696 206
789 150
204 761
709 349
27 848
265 253
265 688
766 671
435 567
399 110
420 788
292 545
722 42
317 551
672 538
290 94
311 578
27 452
729 584
861 91
274 23
684 1
314 426
523 274
619 652
781 437
49 196
70 137
682 458
295 812
114 568
216 483
565 415
767 56
382 581
716 400
701 239
557 245
743 3
230 521
74 493
275 356
773 429
403 773
813 518
544 336
786 552
452 127
346 486
290 315
649 590
355 214
266 304
532 712
17 638
802 731
622 747
438 674
862 832
153 101
812 54
693 478
307 655
843 347
848 345
647 584
541 197
393 519
835 783
125 466
610 17
312 230
166 607
574 424
371 78
836 567
410 542
469 168
262 711
85 352
801 23
88 113
789 456
20 64
313 365
443 721
334 431
64 234
389 192
740 545
545 42
638 786
74 578
183 659
847 498
595 6
446 258
783 129
74 792
180 210
832 425
43 722
521 23
618 834
159 358
128 218
765 359
95 142
578 244
841 740
74 439
224 738
631 306
512 495
399 766
422 566
809 758
258 527
427 641
55 514
268 541
264 369
277 793
404 151
134 678
353 8
234 761
110 44
611 28
268 90
448 40
468 27
390 472
714 799
515 706
145 595
365 40
812 625
427 60
745 73
393 311
412 117
289 520
288 496
608 351
460 790
135 201
546 592
144 600
566 216
18 418
770 360
420 100
246 457
249 549
733 420
77 203
760 510
118 760
565 598
324 433
319 308
323 361
445 131
449 64
51 833
344 298
822 661
435 328
606 748
346 62
788 201
444 33
48 71
861 232
64 854
822 166
577 721
338 602
637 577
104 243
671 285
106 155
508 539
58 813
202 694
847 751
137 256
802 18
696 70
533 418
683 381
719 587
264 669
429 648
121 431
249 610
287 309
742 513
840 722
832 122
587 86
525 57
432 328
110 396
310 361
292 172
130 3
177 692
169 100
575 724
596 114
100 255
211 468
29 165
765 763
396 322
70 361
346 859
865 87
311 664
521 645
102 739
51 847
108 305
142 416
20 210
276 753
614 688
830 589
214 152
17 263
471 252
328 118
289 312
519 595
99 159
377 289
13 648
425 325
622 809
825 675
475 419
591 332
593 613
704 187
207 24
600 551
105 245
141 442
567 503
808 308
183 3
580 405
798 57
488 581
858 332
533 436
312 296
220 625
294 550
189 169
228 527
85 104
290 355
562 193
575 373
388 353
412 807
601 535
569 497
536 230
721 779
758 432
79 641
562 858
302 275
447 461
765 653
57 279
112 557
702 589
745 46
817 860
399 544
19 677
497 213
760 248
597 293
193 618
284 154
675 113
290 378
570 751
292 74
793 683
709 263
657 801
450 545
509 353
619 165
58 196
844 442
138 124
467 286
730 408
16 139
855 477
327 608
167 24
62 40
815 33
714 664
394 341
767 312
311 859
383 638
646 432
528 133
158 832
14 62
641 439
700 553
331 150
625 10
23 686
616 360
162 730
370 572
10 529
489 246
472 399
629 7
809 110
559 814
837 509
369 329
552 355
19 252
511 231
574 302
541 714
517 5
339 389
180 597
329 465
278 608
321 290
658 343
713 257
625 554
2 53
77 154
831 826
694 43
220 121
170 549
12 333
470 186
695 439
271 362
836 670
366 123
518 148
780 712
803 59
605 304
145 837
665 625
78 478
171 136
101 753
29 234
681 158
222 62
669 463
118 127
65 825
216 841
713 411
218 340
296 158
260 81
143 465
177 598
479 56
607 318
684 342
760 20
851 191
569 787
572 182
469 118
151 142
559 424
250 71
136 814
296 760
408 466
171 92
392 524
744 545
502 209
251 761
303 454
71 324
625 693
312 355
388 21
212 772
530 673
177 107
644 202
421 742
646 412
614 577
134 704
619 662
377 359
770 175
109 691
310 235
99 174
464 396
209 786
646 373
133 78
121 270
122 388
435 353
400 845
437 13
702 539
831 381
245 122
656 611
414 712
130 631
827 71
77 348
579 125
318 403
750 502
272 81
237 225
735 648
495 34
620 736
484 305
668 234
629 625
207 814
779 812
317 500
136 847
233 333
322 605
731 129
821 432
435 407
585 490
690 748
176 447
431 729
527 628
127 421
788 353
37 472
310 558
576 6
498 723
411 645
391 796
13 713
639 478
342 544
628 730
439 69
45 515
19 813
15 566
396 312
750 219
807 93
406 523
44 266
65 139
467 523
214 702
251 160
568 94
290 307
491 523
603 24
810 231
830 226
613 754
562 564
330 358
454 717
441 131
740 190
634 271
686 828
584 205
451 483
181 321
112 20
168 287
49 730
781 765
772 2
858 359
325 705
716 22
20 48
665 317
525 775
659 804
681 413
384 779
186 94
336 719
617 794
806 558
267 179
832 671
499 784
428 723
604 470
30 683
382 51
163 444
40 679
276 50
261 290
318 230
447 11
14 837
687 459
421 235
168 64
576 306
332 438
530 764
625 400
589 95
129 30
403 30
45 791
101 330
856 295
771 616
415 244
330 267
513 660
628 311
459 747
207 770
689 157
249 742
824 569
569 173
551 453
826 708
518 205
708 286
139 13
642 638
296 342
3 618
850 494
596 254
472 641
857 416
548 310
15 498
808 433
56 310
239 558
590 322
791 792
373 308
598 258
410 667
819 211
603 245
568 337
59 149
577 766
628 318
494 454
298 664
481 424
45 615
636 544
594 31
628 429
703 840
580 456
682 378
731 474
570 354
475 849
405 272
151 833
206 547
808 13
94 149
756 440
207 478
371 529
539 10
835 325
462 694
689 338
488 600
404 641
42 217
595 37
120 718
9 784
840 156
179 156
550 177
475 854
573 847
580 326
139 453
323 266
587 444
79 39
479 322
674 740
531 341
97 460
371 848
686 100
467 580
820 64
342 339
144 182
111 743
576 740
115 224
514 806
74 753
770 370
43 412
833 100
603 163
500 213
672 747
177 793
330 355
478 230
444 804
108 666
330 57
778 187
144 728
473 92
2 263
737 149
598 266
206 208
158 296
680 585
92 207
24 544
530 55
725 834
513 713
511 99
375 100
32 753
737 174
39 722
684 184
303 756
764 359
653 424
358 438
802 431
16 494
351 221
410 599
858 118
307 91
71 537
475 554
794 814
745 133
672 419
858 428
33 180
567 793
625 325
700 190
521 207
813 437
561 811
658 381
788 366
195 584
344 270
452 23
767 173
18 505
539 791
308 853
203 450
295 344
577 260
226 490
524 773
369 55
185 854
756 411
776 526
778 197
230 445
587 41
399 640
2 353
700 181
3 415
331 826
478 362
81 118
335 649
709 33
624 50
240 358
384 859
168 24
833 28
778 624
229 722
855 55
267 566
78 344
643 9
506 152
752 715
234 830
236 718
295 294
372 62
447 556
325 762
200 316
572 346
358 456
488 119
860 503
239 319
281 718
582 780
253 548
368 49
407 234
857 408
508 131
552 52
438 370
422 599
318 820
230 538
107 717
197 190
408 585
533 111
679 527
205 46
5 401
227 1
778 659
119 23
263 402
186 749
99 91
517 197
81 738
653 460
547 502
87 579
515 503
848 413
21 541
360 802
155 74
528 437
836 37
267 238
144 430
130 241
314 335
443 122
763 693
530 783
422 729
167 293
690 360
764 487
548 158
221 572
96 53
792 530
460 384
247 285
34 800
219 714
69 465
481 861
280 43
764 860
229 456
91 235
620 194
422 577
48 500
586 478
371 213
723 40
619 836
142 409
165 205
646 766
3 520
425 16
354 150
118 44
528 62
803 465
510 812
423 666
105 630
710 512
821 72
329 349
438 681
238 186
385 329
264 614
463 325
485 168
416 154
133 91
200 344
19 614
283 230
217 617
217 699
751 391
291 445
766 434
683 699
54 771
821 32
108 384
250 700
389 527
391 799
746 352
722 355
64 783
121 287
287 360
704 362
62 254
523 632
827 36
763 386
277 123
557 398
27 242
635 25
35 274
420 472
461 564
98 795
398 393
266 127
819 690
535 267
420 303
373 547
229 109
142 597
750 740
553 613
421 253
702 525
228 188
691 166
33 631
713 245
110 184
590 781
421 665
25 526
525 19
67 135
857 707
309 275
805 702
772 39
280 594
334 261
627 613
338 184
66 469
195 148
418 736
628 297
760 353
695 64
172 713
788 822
747 752
396 226
842 772
828 855
339 613
534 545
771 501
764 196
286 213
622 222
786 111
237 633
272 515
660 564
38 448
248 205
11 795
818 233
508 204
771 805
237 584
638 329
135 247
328 244
257 40
494 122
579 775
283 194
345 721
16 849
293 618
220 542
475 167
595 336
427 777
591 371
261 93
45 363
324 294
736 377
113 395
26 258
691 12
747 155
859 613
35 103
24 799
150 857
209 243
547 727
240 220
363 136
645 253
560 346
320 671
636 429
600 566
86 513
456 238
865 795
461 430
172 551
319 133
857 473
784 23
678 793
720 47
477 366
685 329
190 536
447 33
3 458
25 6
411 458
51 172
161 700
435 13
524 433
334 829
848 753
746 670
543 680
739 292
431 57
34 191
783 707
486 155
557 636
425 587
727 730
527 718
512 812
306 779
308 603
212 167
404 855
578 206
245 128
321 109
602 22
397 219
220 628
97 710
494 576
41 644
336 89
284 408
360 111
254 279
356 251
429 219
535 769
420 482
422 17
158 15
363 165
295 583
753 497
726 7
624 633
642 238
456 37
807 398
392 322
48 159
138 170
800 441
417 334
571 45
184 281
83 525
232 475
390 382
468 398
151 529
474 607
359 345
602 799
237 50
402 663
675 482
15 845
199 705
493 270
538 176
60 476
315 499
602 395
326 204
825 424
310 10
222 440
25 138
647 803
635 449
780 481
46 752
747 94
551 147
730 503
234 717
376 44
783 37
10 237
69 725
184 638
348 415
633 849
776 663
209 522
706 840
322 660
604 840
170 628
610 99
406 124
410 115
121 585
124 587
208 726
574 212
796 118
764 584
601 218
639 77
517 545
436 723
167 105
773 834
297 620
707 824
338 128
323 35
622 126
434 687
419 193
609 718
424 735
8 414
580 823
689 374
229 576
766 467
549 439
403 671
151 773
357 176
615 186
212 856
283 815
416 365
298 658
361 838
768 659
821 115
568 762
627 316
493 621
612 531
481 365
45 442
653 240
658 304
861 77
331 88
370 245
297 275
381 285
754 807
621 439
700 503
684 345
386 436
137 445
66 333
157 34
837 373
470 135
516 862
80 49
334 732
686 799
49 412
655 259
127 272
456 362
791 270
748 116
722 531
126 571
185 208
630 535
119 427
194 798
312 579
137 497
238 79
758 565
421 763
13 114
227 401
778 611
347 658
488 825
638 684
270 330
861 360
330 552
792 198
116 372
152 677
299 470
594 292
749 413
814 756
454 630
475 521
501 569
528 624
560 164
634 30
379 54
356 483
371 85
860 454
518 786
624 738
161 612
73 183
775 618
638 472
743 93
679 431
609 812
89 813
97 410
758 849
686 487
561 641
726 197
86 691
469 415
738 88
810 445
800 513
249 688
713 429
592 168
388 429
375 192
29 397
767 84
419 475
572 755
494 747
506 447
278 514
656 233
106 176
306 302
474 489
42 533
60 212
633 654
171 443
353 208
622 598
774 292
523 191
546 587
731 743
5 284
461 319
200 98
309 256
271 505
368 516
120 313
319 822
288 383
590 407
719 143
577 63
548 37
420 251
108 102
367 651
188 15
280 216
45 658
46 771
325 599
53 851
612 169
744 865
13 453
754 390
664 493
295 362
480 164
831 436
580 244
130 117
362 200
70 265
607 562
535 177
84 224
854 19
50 400
486 217
423 178
768 154
291 570
278 622
847 240
708 203
444 549
539 796
182 145
576 562
205 272
318 625
47 135
104 455
638 755
16 46
165 72
64 314
134 829
33 813
717 439
149 298
461 701
668 315
744 518
120 107
487 820
623 347
844 737
744 267
246 346
265 182
395 96
605 460
649 280
758 234
462 121
603 666
253 29
861 552
610 405
262 692
67 626
139 289
234 442
571 290
679 61
44 789
479 43
246 554
253 820
845 91
702 572
795 484
239 410
285 623
839 456
358 339
630 770
684 289
207 153
209 733
717 246
377 275
151 638
730 265
695 622
570 702
777 376
637 581
712 612
532 185
383 713
239 84
152 821
557 207
652 467
636 117
266 504
217 541
482 805
3 215
592 243
797 273
393 544
703 581
66 691
568 689
704 49
246 530
279 736
45 848
836 482
858 551
802 504
452 212
40 836
98 828
317 168
851 797
656 861
608 241
185 160
312 536
666 100
796 333
548 374
215 627
491 10
1 131
202 75
193 149
615 717
299 572
509 482
808 530
440 524
666 333
207 560
612 134
183 555
420 484
828 534
135 478
159 468
73 531
75 300
862 813
597 431
714 717
398 589
671 769
168 627
190 261
137 415
12 316
713 153
678 558
681 646
351 297
382 202
131 157
648 49
661 123
113 445
12 720
388 797
711 773
641 231
219 808
292 511
716 32
426 223
82 621
2 180
511 671
777 267
711 555
323 506
456 578
679 73
530 263
467 630
651 414
778 362
670 745
771 605
512 301
622 109
804 112
826 197
241 54
828 366
846 629
806 488
640 129
700 491
777 123
9 777
565 841
552 178
74 737
851 691
220 397
295 349
455 229
28 146
233 46
4 846
464 226
784 116
859 552
513 704
493 373
465 838
544 239
165 384
613 797
662 228
225 828
192 137
191 542
252 83
91 352
772 105
4 678
578 786
247 424
244 606
546 792
797 677
856 596
778 719
345 542
215 42
271 770
218 698
679 204
311 491
459 700
490 215
403 235
474 643
444 740
758 381
485 806
310 5
574 651
337 217
341 753
823 274
56 180
220 197
475 570
154 314
562 655
298 522
507 326
341 653
420 652
132 579
350 414
337 590
367 372
259 279
761 134
483 318
234 219
92 173
731 71
722 52
190 187
321 312
527 215
527 642
768 820
660 258
681 809
151 564
220 563
823 152
239 465
459 682
337 297
248 124
381 131
599 299
840 320
783 543
551 388
76 658
204 356
593 857
351 162
621 73
485 413
487 564
54 564
278 411
595 762
599 113
483 180
675 789
337 645
664 844
352 67
723 513
61 122
355 389
725 139
213 500
487 128
843 168
557 272
303 231
839 651
491 210
807 200
630 609
567 287
760 30
560 395
778 478
176 127
675 704
103 859
380 759
146 241
365 838
60 802
758 744
617 772
230 460
838 143
783 335
200 665
61 343
26 474
444 487
268 307
215 489
52 618
348 14
614 647
402 712
406 636
299 748
854 768
87 222
89 862
476 752
384 825
611 737
334 120
374 841
840 520
839 127
567 26
733 323
491 687
349 90
150 606
389 516
565 32
289 365
633 47
111 598
189 268
852 700
744 93
416 104
236 579
739 834
48 408
493 778
460 350
74 120
607 77
167 720
267 838
85 45
804 541
591 814
642 838
686 391
677 726
766 209
141 818
556 307
202 218
666 589
594 478
79 239
445 688
183 127
835 303
342 237
842 784
707 249
664 208
152 771
207 673
672 325
30 389
124 480
159 212
290 334
221 517
517 104
539 23
153 395
822 820
788 160
480 799
319 355
160 157
123 771
72 420
112 75
646 349
722 162
722 253
584 532
489 202
198 596
704 528
133 311
