1000 4910
603 535
472 189
933 709
878 261
950 918
419 352
723 430
102 546
479 232
680 411
555 537
607 864
962 737
280 596
479 156
319 108
194 595
391 783
981 489
153 886
608 696
519 606
598 315
336 923
638 650
271 730
373 464
47 937
928 169
711 811
133 921
523 685
343 696
569 385
827 247
925 660
261 741
84 922
465 330
948 97
584 618
880 214
399 38
506 654
311 320
846 384
61 515
377 21
890 685
4 694
152 9
895 671
654 470
657 402
179 63
35 258
433 859
933 293
933 14
93 289
892 633
957 244
833 475
500 997
172 563
174 774
376 953
835 905
967 880
803 915
623 242
683 185
152 575
238 653
598 826
206 545
730 244
658 194
987 24
467 517
590 167
312 371
187 173
279 159
830 604
171 970
47 807
599 474
473 789
571 937
553 216
755 862
229 448
79 941
421 848
941 600
49 78
855 573
750 615
549 141
842 594
265 956
20 555
946 622
964 701
790 327
788 482
298 514
657 654
900 428
410 428
163 431
516 100
709 913
459 741
426 336
926 972
505 879
1000 927
931 543
270 481
306 998
806 759
608 362
977 557
611 698
582 734
777 390
561 464
229 649
451 674
651 793
821 853
988 459
91 696
350 578
133 435
538 631
186 36
488 701
231 95
912 207
278 76
35 304
550 12
458 547
245 158
171 202
743 192
122 916
780 923
820 96
602 727
982 876
471 456
592 535
590 6
520 222
183 172
133 154
407 495
724 720
2 984
835 839
177 112
928 76
597 106
182 670
994 774
316 939
960 52
373 694
66 222
765 960
548 621
729 146
843 954
366 911
755 355
400 956
367 867
79 580
328 477
652 668
451 760
102 901
407 911
284 197
471 80
809 564
51 575
831 16
256 595
219 650
724 608
926 555
520 604
765 802
949 773
252 987
275 887
440 363
511 437
689 620
133 131
616 558
45 492
411 993
948 47
982 557
731 879
476 777
37 717
728 690
79 326
185 225
247 303
941 972
263 913
485 769
611 490
161 553
204 434
757 87
923 302
57 893
356 229
456 121
729 16
291 629
845 721
746 398
137 786
281 469
275 106
323 78
895 903
749 342
373 350
311 415
509 687
994 722
846 627
500 468
817 569
176 284
44 965
144 160
549 410
812 707
610 546
555 280
283 96
24 299
277 71
940 777
134 750
636 242
746 389
947 316
472 562
803 598
1 919
182 539
468 536
976 431
44 208
994 907
777 887
705 498
635 903
502 71
892 46
602 874
896 778
252 634
851 170
633 588
257 865
351 870
617 635
924 785
494 933
728 199
341 129
434 699
878 833
806 341
895 244
974 769
650 477
430 541
337 460
654 547
687 420
20 169
638 807
407 822
648 626
942 118
736 246
419 33
573 541
132 51
150 310
740 997
279 235
979 858
466 891
301 645
603 582
936 682
198 867
549 217
878 874
846 494
930 255
461 948
579 36
779 562
92 914
817 623
674 208
742 954
930 755
787 435
391 781
554 362
450 661
966 870
172 371
209 511
728 771
527 872
895 441
255 387
51 533
165 546
519 98
481 543
753 395
675 56
444 639
156 766
527 921
969 802
396 762
416 595
474 758
641 504
684 357
186 776
551 597
446 701
48 143
338 261
32 547
472 117
427 368
53 915
592 785
184 862
757 564
847 493
353 121
652 640
634 499
194 213
323 577
322 948
658 113
822 110
648 694
494 674
662 914
555 52
521 356
81 218
172 362
372 495
639 842
605 627
287 508
169 762
820 203
442 631
132 146
863 561
88 402
873 215
883 96
460 239
658 732
842 385
935 604
644 834
132 468
114 843
7 617
188 627
925 598
599 94
237 324
104 952
935 120
940 568
958 380
337 216
488 360
502 168
819 150
965 923
69 86
179 119
633 395
210 266
549 336
679 119
644 608
719 172
276 954
248 887
817 295
525 622
303 355
72 853
804 110
454 917
435 709
678 159
693 495
405 37
945 310
669 355
101 470
656 248
855 236
283 905
416 956
182 628
757 315
346 430
83 497
102 447
990 238
656 316
531 162
1 422
253 80
221 600
594 543
204 881
481 267
499 212
279 359
801 497
144 916
818 215
801 995
524 499
806 486
899 640
539 236
816 508
814 524
108 752
750 195
509 249
813 507
111 80
520 239
352 60
172 261
65 632
669 935
28 414
68 869
968 406
821 796
714 358
848 409
883 750
989 747
666 264
96 306
579 115
598 102
377 354
106 829
453 958
934 553
577 748
5 779
407 252
135 411
194 629
84 788
628 15
360 202
920 410
436 682
951 430
38 674
775 789
9 274
921 239
781 546
9 115
227 772
835 315
429 64
820 141
567 894
72 280
788 633
71 655
152 295
877 369
186 215
900 911
433 327
336 266
834 692
427 118
229 275
746 911
85 169
413 972
252 718
994 415
531 613
421 829
740 331
806 995
739 344
980 556
86 920
910 37
252 112
200 118
400 931
59 197
847 906
921 327
704 113
896 362
540 495
670 208
251 517
269 244
322 170
679 98
492 117
594 493
128 712
833 406
424 844
687 473
156 682
620 844
396 262
252 771
256 198
883 386
295 95
133 768
885 651
407 300
418 771
599 582
265 339
636 633
268 387
877 747
507 768
965 734
787 178
825 363
900 115
223 95
666 215
438 103
614 129
624 139
465 510
67 350
230 190
497 389
783 669
346 395
878 736
419 477
350 89
34 822
100 102
47 556
48 582
909 791
838 135
966 456
303 267
899 759
755 922
540 186
41 86
489 147
632 207
336 508
834 535
616 478
955 696
393 597
447 24
451 819
803 304
605 578
878 393
532 836
455 72
907 685
994 199
170 517
769 508
690 281
675 278
566 335
317 515
290 139
328 42
935 633
76 325
964 668
134 365
742 918
639 697
999 374
224 483
487 546
588 807
399 396
40 867
757 538
423 833
614 443
410 214
123 710
571 591
35 680
604 578
695 206
128 112
679 16
845 221
311 26
520 60
976 473
982 583
977 944
281 35
976 680
931 604
734 117
693 77
576 173
352 216
888 506
337 991
853 836
475 545
586 436
474 16
652 864
385 394
976 178
719 538
638 229
460 885
861 630
616 739
377 177
305 956
656 996
949 950
820 657
751 510
492 396
589 58
992 850
348 291
26 126
100 217
998 173
446 638
465 371
112 76
99 387
227 365
210 463
746 848
447 14
892 220
105 758
285 709
273 802
1 165
279 769
828 302
617 581
890 816
178 993
820 16
786 535
843 586
45 415
471 944
476 267
994 978
81 459
329 752
46 13
945 610
527 139
966 418
678 45
933 315
336 781
44 470
742 206
407 708
374 84
263 654
394 62
892 1000
20 435
933 113
612 760
132 654
296 735
458 217
194 396
468 136
325 694
586 224
18 222
416 963
794 621
370 938
224 33
79 822
393 116
374 827
31 947
782 793
342 442
931 52
749 764
53 488
933 339
384 774
901 916
605 23
158 154
318 884
706 386
551 944
12 92
603 668
985 73
126 653
550 952
787 392
733 785
450 685
238 234
384 693
314 852
920 871
425 463
80 585
588 313
726 143
691 411
360 351
603 269
910 187
958 435
35 515
56 568
218 715
750 335
366 213
819 343
857 173
353 352
703 181
788 981
64 674
454 698
28 773
250 216
68 807
270 938
641 153
329 692
680 364
197 610
847 661
540 886
940 371
928 619
746 430
216 685
675 83
125 504
17 279
471 283
989 367
93 858
974 520
349 752
959 279
210 150
891 923
863 171
505 946
234 272
270 313
109 495
331 266
291 533
607 849
421 462
611 991
170 117
529 627
81 342
100 246
25 135
618 442
636 973
103 566
552 15
18 778
664 713
250 576
520 621
943 62
636 572
850 394
345 423
969 234
186 357
505 443
899 60
611 572
688 147
7 957
377 681
302 29
838 622
852 77
109 343
54 951
271 439
756 21
994 296
379 879
353 526
690 871
949 701
319 972
465 314
472 973
549 181
550 812
347 415
883 138
866 238
974 119
243 235
631 978
61 507
855 304
485 549
413 264
803 333
787 954
438 666
990 424
976 887
316 565
337 472
925 402
925 984
782 270
151 16
948 50
881 558
679 130
773 510
380 365
685 215
379 190
449 809
528 713
50 5
103 781
548 209
494 518
412 86
236 805
628 618
846 847
663 546
176 56
286 935
177 996
550 4
128 187
352 324
455 911
349 190
349 627
99 234
247 930
323 757
227 159
416 217
513 755
273 886
53 741
540 812
577 606
155 189
945 18
485 703
967 239
143 916
644 274
132 932
612 337
540 835
886 398
63 588
909 520
651 708
37 258
852 333
905 347
707 758
946 876
763 558
909 259
548 740
271 640
261 468
864 428
866 224
295 318
667 497
3 965
579 371
563 887
820 623
665 236
567 498
384 987
992 288
845 1000
30 940
63 740
427 31
429 753
964 206
896 908
199 709
555 852
312 431
901 351
974 174
687 632
98 997
523 249
262 879
154 212
303 172
892 786
487 533
753 486
736 570
584 286
705 497
579 62
337 703
506 139
72 978
658 969
400 276
437 807
763 588
297 615
661 887
961 536
416 440
726 855
693 480
803 352
61 996
542 712
455 711
51 327
448 313
445 162
979 547
251 809
420 418
839 96
345 118
509 69
2 282
822 826
556 564
279 234
49 285
874 13
251 825
50 635
641 420
492 581
860 962
384 139
683 500
34 561
320 671
777 306
340 777
514 233
486 901
969 538
567 83
720 997
899 867
348 491
892 713
853 225
65 401
28 712
322 183
675 287
815 369
641 659
696 301
152 655
56 23
57 399
718 483
628 210
416 620
744 463
412 798
949 196
654 735
144 714
625 851
1 237
700 951
178 853
314 547
406 115
965 768
289 682
656 477
770 677
328 549
681 473
442 335
832 91
593 876
504 583
157 403
782 467
985 709
166 436
753 108
362 691
400 258
342 692
990 939
945 533
988 124
99 956
201 677
725 198
613 15
356 703
910 962
250 595
456 569
310 802
865 118
738 508
424 23
794 631
46 663
814 474
962 94
84 33
606 844
218 774
983 9
966 195
210 486
627 483
76 299
169 735
377 967
850 702
924 601
462 520
249 522
542 456
180 908
694 887
968 285
970 913
442 236
612 911
539 389
868 529
544 859
352 409
658 95
28 963
417 518
199 316
588 545
221 719
883 116
167 162
925 413
561 200
926 527
926 214
641 80
625 363
435 708
749 572
755 46
99 562
597 330
846 127
467 621
85 166
397 927
967 279
245 773
77 428
593 659
480 911
132 754
881 546
946 14
68 654
389 259
986 962
716 837
790 690
644 962
521 881
204 907
494 756
616 347
104 741
211 587
285 336
875 13
624 267
308 44
309 346
827 699
556 238
750 151
960 344
128 113
311 923
599 777
28 725
947 655
451 402
472 760
514 547
567 303
458 448
960 514
740 523
570 511
742 787
7 707
11 938
376 616
487 673
770 840
860 823
257 955
719 970
347 456
869 559
46 239
598 552
909 887
427 649
584 977
876 202
453 957
720 647
397 45
132 797
403 543
740 135
828 972
388 329
462 464
906 369
709 939
692 159
953 287
255 922
738 344
516 77
609 808
404 924
761 769
905 498
965 410
138 29
12 233
84 986
969 844
397 701
38 562
612 40
188 125
740 562
22 285
525 154
853 381
177 447
607 963
586 853
195 89
417 795
110 160
662 572
539 872
969 898
231 401
500 174
397 670
839 367
964 423
845 319
966 71
634 808
163 640
539 793
665 582
958 221
851 118
249 859
964 121
68 515
269 702
994 899
219 34
202 214
276 27
702 198
280 94
742 361
744 557
102 733
123 696
899 213
370 903
255 606
885 351
797 973
579 806
835 432
194 472
250 301
433 379
641 958
622 904
861 454
238 92
609 75
334 645
540 368
834 232
45 108
843 917
788 810
219 138
861 343
457 222
771 627
153 642
888 203
689 795
706 923
763 163
85 344
603 893
888 585
750 106
552 610
347 469
989 202
79 693
888 552
134 64
569 324
873 42
323 690
706 710
782 675
270 512
221 818
827 998
82 672
672 320
450 156
287 932
571 911
129 14
863 495
265 409
24 217
592 501
873 497
266 225
81 541
711 604
792 781
326 335
364 483
112 396
256 801
276 442
388 601
392 236
290 331
12 588
526 191
677 685
1 847
45 517
165 409
207 818
671 789
733 537
657 561
343 889
70 979
142 508
625 264
271 301
352 879
665 685
421 838
297 373
502 54
190 951
928 914
684 87
232 52
378 872
109 189
486 988
940 536
499 865
323 330
874 831
499 913
765 197
418 217
539 22
254 366
128 217
860 906
990 290
21 573
243 952
669 97
7 638
783 13
84 809
506 489
165 545
269 30
586 544
239 764
595 978
985 67
800 879
926 590
124 394
318 430
567 264
509 149
199 754
185 583
974 833
630 50
872 903
980 37
170 187
467 74
412 601
417 404
53 494
71 771
700 639
486 151
219 117
646 40
885 96
188 573
800 77
377 185
605 661
659 335
53 164
529 477
745 882
420 578
900 565
765 626
245 941
943 442
584 654
782 561
252 260
434 739
860 715
372 812
700 138
974 402
207 383
186 876
742 739
670 348
129 615
605 600
328 726
182 651
594 715
828 294
45 378
339 617
270 304
973 58
386 415
493 197
149 94
78 481
960 80
616 285
597 805
157 888
870 876
444 872
106 768
328 282
183 371
866 774
705 534
977 777
152 839
669 115
83 16
391 187
567 432
982 866
948 800
440 344
202 859
21 261
906 624
617 120
281 931
730 697
506 402
144 267
952 40
453 874
990 672
591 89
770 744
349 777
336 547
316 476
518 313
817 737
598 915
840 734
582 825
199 169
322 129
109 755
321 406
756 15
169 211
704 482
298 265
7 9
449 312
820 748
983 880
216 146
70 797
732 802
128 633
169 815
75 572
846 56
848 951
990 792
885 606
172 443
765 184
675 381
397 649
803 922
954 428
455 738
771 741
828 325
22 500
614 809
688 5
616 546
63 338
449 535
637 126
291 244
947 186
288 88
571 173
457 989
919 32
704 330
25 628
462 110
311 233
857 907
875 755
805 581
382 844
240 208
636 459
763 255
99 781
460 922
779 546
304 386
488 703
450 106
288 294
452 215
571 452
516 118
790 637
556 810
775 694
609 319
167 454
427 955
263 852
395 369
87 464
948 822
35 212
592 419
519 120
652 848
951 919
247 238
943 637
962 239
175 743
379 927
625 301
550 945
111 741
221 442
494 8
385 468
210 685
518 826
85 96
584 460
584 897
786 971
991 447
538 229
131 264
26 901
813 178
906 788
673 615
929 477
638 89
999 410
384 481
75 231
735 710
521 699
848 933
830 448
936 142
100 229
453 443
983 290
234 402
323 689
112 96
935 191
21 971
334 936
960 414
744 475
444 328
999 791
265 940
297 225
305 178
528 878
641 312
4 234
624 159
662 214
709 662
757 348
832 216
614 255
65 561
873 138
230 244
51 706
485 783
288 197
987 299
842 33
572 154
109 858
168 517
656 57
724 77
407 883
690 109
112 776
869 489
361 244
155 439
195 795
577 583
981 844
177 737
226 727
25 813
597 682
434 497
871 970
840 796
158 115
356 937
342 618
843 147
864 311
455 713
103 326
811 807
977 51
614 359
82 140
689 327
506 887
909 484
377 550
392 575
646 543
540 232
184 174
459 385
38 363
848 698
650 545
751 259
194 741
47 368
807 825
566 739
670 256
843 497
44 66
711 952
388 786
499 250
322 930
157 384
819 133
892 898
396 415
197 911
53 138
577 973
125 953
679 988
403 439
847 398
584 596
134 112
352 552
980 662
356 650
341 596
505 651
478 610
144 479
625 327
113 733
310 849
220 796
499 622
775 249
689 738
920 529
636 627
307 717
948 581
469 913
572 313
684 803
421 707
994 135
78 348
705 344
759 818
194 764
946 98
181 802
943 383
75 576
574 668
63 669
319 122
134 886
946 424
31 789
550 46
220 242
458 581
609 771
527 644
44 859
961 173
780 108
197 371
180 733
968 638
474 581
845 157
678 575
974 782
281 78
668 359
209 187
277 914
100 702
28 435
551 676
984 489
984 606
896 923
81 779
755 208
41 177
646 97
816 477
868 366
980 773
138 661
379 689
416 362
73 159
1 29
419 314
221 15
387 402
833 543
632 937
172 623
134 492
599 48
841 130
770 597
962 932
370 573
607 954
846 102
957 748
990 249
924 915
992 494
450 271
288 3
895 789
287 640
734 600
715 581
681 762
476 18
404 428
483 998
834 18
25 294
653 324
675 404
841 567
183 814
442 939
731 774
403 854
116 168
405 582
890 880
672 232
999 136
775 783
41 58
139 109
273 454
111 290
900 613
78 100
127 882
218 46
889 601
339 654
856 484
279 604
104 759
34 214
217 302
588 350
809 543
240 121
807 587
97 395
65 831
544 129
11 807
438 410
83 838
34 217
325 395
74 496
755 762
386 619
792 410
866 673
303 799
101 468
464 768
410 836
31 680
863 575
318 306
205 333
416 625
658 933
278 642
372 662
528 292
980 981
964 434
124 55
163 267
988 995
571 77
590 859
972 306
370 262
499 812
692 923
902 717
941 89
45 286
856 950
910 802
693 13
218 536
57 304
3 355
461 739
64 142
100 143
652 76
609 399
870 777
765 96
819 709
345 621
532 178
751 189
163 956
602 393
991 733
61 345
612 661
167 299
460 764
392 837
454 945
247 217
249 682
79 700
68 871
895 232
271 898
260 558
264 852
134 382
85 937
728 568
786 585
142 206
1 445
57 566
519 418
985 908
902 708
981 217
376 477
672 927
431 697
178 367
624 894
684 346
511 954
155 457
649 464
210 595
427 987
279 922
986 336
357 406
983 166
470 682
930 900
860 339
638 43
100 366
649 33
83 272
523 332
468 801
965 173
179 430
550 912
287 524
532 490
810 244
424 327
47 907
9 286
357 189
656 242
732 95
831 389
878 784
699 565
4 645
404 98
957 671
975 800
444 310
787 123
485 472
395 154
543 588
518 492
241 922
34 883
309 349
701 239
760 330
145 73
282 847
175 248
819 723
270 965
895 777
194 313
401 701
83 51
506 261
593 831
226 160
190 369
679 265
894 4
947 781
837 534
288 158
417 384
109 383
579 715
790 286
847 150
740 380
669 808
598 118
398 213
51 570
70 831
317 452
270 440
127 524
102 411
790 137
169 587
422 439
832 458
705 124
885 939
476 332
82 968
372 480
105 38
488 186
488 271
286 791
142 331
1 312
530 734
935 239
59 661
850 303
207 355
9 424
281 403
636 515
49 597
549 463
400 698
437 16
374 204
387 497
714 173
489 160
632 32
416 356
273 636
845 127
681 405
87 430
576 237
812 339
979 458
83 600
856 995
543 717
670 991
103 447
485 832
895 20
219 130
933 311
3 206
103 623
354 935
523 168
282 814
542 399
900 793
657 317
490 6
218 764
112 87
75 33
651 475
65 327
921 52
655 37
566 95
941 580
658 673
539 779
255 92
935 995
521 955
296 610
722 313
333 547
335 468
227 759
818 581
429 879
608 123
488 95
179 389
456 798
704 952
274 604
304 537
81 781
27 130
799 458
191 993
69 606
416 832
400 453
175 475
516 805
866 200
721 872
776 32
481 302
540 502
742 213
599 199
600 718
105 16
861 247
641 28
861 579
789 908
485 483
140 19
22 480
186 879
636 228
427 937
561 606
623 350
505 495
457 406
948 887
519 164
354 205
691 771
429 872
1 939
268 541
743 480
861 698
968 859
751 762
611 399
167 14
461 599
607 619
319 258
204 722
319 260
653 89
986 124
328 276
400 897
805 697
958 307
227 263
506 830
133 918
247 984
982 661
686 672
765 480
567 403
145 595
628 310
792 348
955 824
334 964
975 638
743 973
352 710
683 714
157 203
675 904
358 596
70 633
179 217
643 723
53 816
628 1000
383 596
496 824
868 769
41 536
891 480
690 256
251 769
527 984
542 206
714 241
352 998
309 758
731 572
145 454
352 274
540 547
79 284
688 699
746 686
852 510
175 71
451 582
130 136
334 831
624 981
71 246
788 260
309 210
257 500
481 885
761 496
465 524
673 972
229 939
322 95
450 904
140 271
184 36
420 141
497 483
667 525
172 701
506 998
749 181
184 147
53 697
757 789
192 517
748 258
49 811
679 785
780 225
116 14
549 750
384 750
551 766
988 52
399 40
184 258
737 717
25 168
540 428
449 272
376 415
673 159
252 593
770 636
950 685
643 77
934 171
607 851
39 454
930 962
405 386
982 784
427 352
873 517
124 884
188 962
752 258
34 650
936 677
442 249
519 495
462 27
850 869
220 588
70 274
893 211
268 777
142 473
80 580
642 587
38 576
450 272
647 844
150 850
178 353
11 558
466 735
303 147
910 105
287 129
219 643
642 762
310 35
253 486
312 208
171 804
131 838
831 18
941 97
251 601
416 838
896 268
736 849
625 533
846 781
976 47
957 718
505 807
873 102
689 848
855 889
378 623
514 927
625 987
681 193
75 645
573 414
4 306
314 346
533 217
123 807
967 677
841 990
38 635
900 191
900 756
763 542
706 149
812 995
742 398
924 37
377 893
725 19
819 549
53 449
502 395
432 537
869 623
266 635
484 950
838 187
959 968
90 13
435 129
339 754
767 118
990 262
686 98
478 911
943 770
282 449
760 430
156 893
638 76
819 849
566 816
113 117
141 903
352 5
863 586
724 360
30 71
322 644
576 52
416 16
880 555
896 312
221 434
494 581
976 102
705 794
243 839
190 265
943 256
670 456
618 793
158 299
492 900
219 267
454 118
761 126
575 768
445 965
119 274
652 686
466 791
837 233
924 168
78 354
930 307
145 988
951 369
221 745
516 783
186 547
323 178
761 396
364 662
580 525
523 887
377 608
249 795
983 143
659 224
628 932
119 217
111 495
496 972
298 200
523 106
728 114
379 821
549 76
880 546
755 654
475 781
683 352
539 42
416 560
127 282
284 301
157 89
810 998
270 823
880 236
790 660
494 610
571 903
318 853
335 52
693 898
70 195
488 1000
968 559
423 508
26 496
744 443
194 113
947 693
235 970
273 870
628 280
720 9
964 625
959 74
80 701
266 197
725 360
155 648
430 954
427 907
71 497
894 110
403 225
7 468
814 796
304 907
728 1000
619 324
909 568
244 414
936 618
39 18
171 768
963 969
45 306
964 24
323 912
484 360
455 596
532 241
7 646
864 156
809 442
304 439
907 489
668 497
765 920
407 74
377 626
891 525
79 208
921 618
785 126
288 871
308 448
787 984
992 582
644 951
516 908
135 572
761 149
376 494
356 769
909 21
929 473
148 825
633 493
519 236
426 624
128 337
763 909
378 255
680 12
35 329
308 169
309 293
606 581
311 140
630 289
145 96
961 779
84 333
432 363
523 585
451 108
195 198
161 972
511 627
93 116
684 390
595 805
652 965
101 601
484 236
653 242
620 414
90 807
509 754
751 174
54 138
76 777
775 260
368 231
792 404
614 708
408 371
63 168
615 495
293 545
323 183
966 650
490 211
253 140
11 563
611 383
738 621
690 257
852 627
820 290
372 393
488 389
949 56
603 606
744 85
494 534
370 268
684 825
943 960
488 650
342 83
307 431
127 278
54 18
184 109
131 253
21 902
79 14
82 222
814 87
846 713
85 760
88 713
728 601
640 546
821 239
471 511
665 229
518 321
182 240
365 62
873 221
603 561
910 431
83 381
605 67
982 280
861 359
348 172
42 771
114 692
166 965
979 387
955 160
636 356
321 33
360 524
953 17
436 575
454 170
384 146
177 948
572 173
99 169
677 260
835 166
875 440
69 513
288 797
680 15
512 242
989 945
21 468
61 310
298 715
226 60
821 274
411 146
434 452
344 737
566 9
130 973
57 859
201 871
412 961
504 640
835 452
835 795
609 838
310 120
167 545
39 748
902 225
886 506
464 697
446 651
828 228
435 67
553 292
950 806
700 717
360 237
298 434
996 897
977 817
479 266
602 87
471 436
855 767
273 336
755 913
918 16
519 50
611 987
575 748
869 185
559 294
617 491
623 5
582 141
103 625
841 5
953 374
848 518
298 837
305 875
11 542
823 51
263 844
416 280
841 918
460 829
459 993
519 208
612 443
614 141
376 374
553 823
86 320
548 672
346 565
457 622
593 73
994 489
282 680
977 810
775 507
963 875
929 975
567 963
492 868
71 731
366 640
990 901
310 710
761 776
207 357
925 998
692 474
196 327
125 359
751 194
309 475
311 796
594 741
792 496
295 88
188 118
787 330
673 709
176 923
602 459
656 602
986 497
658 882
401 589
257 126
421 803
478 475
47 696
799 242
963 534
886 580
982 987
159 371
254 823
145 801
293 19
574 252
886 713
961 307
48 754
891 293
742 855
855 653
931 804
969 121
308 59
737 578
511 939
921 651
572 187
403 991
725 225
284 631
230 74
506 380
714 697
896 524
623 331
803 537
679 560
516 956
512 301
796 844
391 424
376 202
999 482
213 115
185 335
434 320
806 914
950 343
755 838
148 280
133 386
648 299
153 851
285 748
780 472
429 134
339 272
655 774
603 113
665 485
504 596
526 635
689 786
353 149
447 998
782 447
462 757
88 423
676 677
388 209
163 970
664 752
275 187
72 330
940 677
353 773
505 278
157 248
603 997
765 590
198 908
201 774
273 369
221 347
832 224
796 414
283 583
447 708
636 650
714 580
322 734
70 671
582 89
219 678
566 544
700 431
791 21
132 441
80 122
354 633
407 172
541 697
980 580
983 402
750 395
200 889
436 87
865 534
297 533
9 3
669 682
876 259
875 413
602 767
831 156
341 591
143 72
157 953
156 187
959 195
155 221
66 71
673 469
639 774
819 553
342 311
509 734
277 266
991 697
665 211
22 815
991 815
646 336
597 382
55 552
726 519
100 914
957 186
770 366
899 91
683 877
371 95
297 832
155 577
944 170
780 462
727 394
176 420
692 213
268 58
508 663
278 6
861 320
424 237
518 500
277 324
193 259
226 99
740 822
482 217
221 316
925 601
983 378
397 32
252 257
340 294
241 891
611 547
687 555
743 411
652 103
926 578
782 312
305 529
74 629
240 794
41 260
276 741
164 306
846 598
834 91
980 46
321 52
831 443
424 4
252 493
70 649
326 295
551 346
400 575
644 200
149 92
614 543
429 197
283 112
374 740
178 733
506 702
175 808
568 482
108 491
209 139
553 206
992 156
847 624
719 815
609 493
835 915
372 785
860 732
130 779
773 695
738 887
150 164
346 350
906 91
7 767
925 408
466 594
983 556
965 225
641 864
765 155
681 352
179 794
570 601
554 418
421 233
828 868
667 52
27 302
765 881
102 60
504 202
369 214
661 767
616 838
116 232
704 937
946 446
964 62
838 645
703 195
418 70
660 569
348 267
485 569
370 335
646 434
388 207
462 263
175 934
321 815
230 235
305 504
969 715
677 154
509 688
349 292
846 610
492 702
688 913
446 993
667 441
68 809
289 503
343 43
842 816
992 531
484 511
132 526
520 767
741 627
425 682
504 696
637 674
891 619
134 558
845 917
113 164
331 237
67 552
25 176
686 956
338 707
891 366
943 793
765 265
357 887
713 355
507 940
3 242
318 37
665 448
412 724
243 547
867 998
622 495
375 38
816 972
394 956
641 692
508 216
453 713
111 630
220 708
609 854
422 648
297 207
281 5
190 158
69 792
813 549
623 381
806 183
179 245
554 993
636 442
124 543
334 585
780 823
528 775
447 737
393 442
985 48
568 8
643 899
770 777
316 541
348 829
112 798
538 285
995 557
286 181
79 490
155 491
140 452
461 701
434 225
190 756
664 469
266 525
188 472
945 415
337 723
157 317
505 767
731 271
714 92
71 365
716 473
989 85
538 92
831 662
316 116
23 344
467 589
527 467
123 610
72 752
434 971
397 213
749 5
488 898
934 499
352 795
574 90
830 32
632 807
210 674
121 758
328 723
433 766
751 774
343 898
157 8
298 39
183 885
681 958
97 585
604 887
83 522
598 191
429 213
388 169
144 902
509 914
80 838
864 109
577 699
962 939
516 877
283 560
582 242
294 191
933 27
992 254
972 503
721 923
901 98
670 869
480 631
78 402
689 178
724 730
798 33
912 837
575 315
417 26
509 73
880 547
41 79
256 717
646 117
203 915
667 16
56 575
679 674
11 430
379 677
286 147
289 669
749 628
227 246
391 508
471 871
555 173
426 965
372 116
27 187
134 893
672 52
193 538
175 99
857 120
305 395
253 906
150 409
325 663
164 496
184 398
684 112
111 874
666 112
245 294
172 522
375 966
384 716
488 549
638 984
567 452
855 404
830 914
845 226
990 384
445 287
983 67
812 493
471 465
85 411
669 522
726 709
602 482
3 32
767 173
567 737
679 753
866 431
866 517
445 16
48 140
619 327
839 77
987 884
531 147
41 461
883 647
57 536
827 581
444 277
7 563
429 536
68 547
328 294
863 789
293 642
630 419
145 342
721 207
975 76
190 449
63 771
944 37
393 801
927 804
606 718
537 154
20 693
846 577
553 908
688 623
873 981
391 747
305 219
949 141
20 698
984 752
703 914
408 156
119 796
49 832
726 922
214 752
657 468
81 961
513 387
456 168
864 37
728 115
883 250
830 275
188 186
318 562
926 505
506 818
65 114
505 67
18 661
731 718
992 751
661 475
114 472
994 944
815 522
231 631
467 303
875 346
613 796
624 533
531 374
533 939
73 562
516 575
622 662
257 333
448 19
188 83
338 887
429 79
102 647
929 217
819 614
531 637
987 408
179 711
895 89
383 464
755 530
593 212
901 275
61 897
481 72
626 722
816 559
925 760
873 703
124 653
144 595
178 383
550 805
112 364
59 794
334 874
79 920
261 5
155 526
800 729
543 627
486 938
380 259
328 340
806 483
438 370
309 633
665 993
388 557
875 381
724 293
190 4
746 886
928 381
808 576
502 307
624 358
629 208
3 54
929 679
119 424
248 122
958 962
132 293
982 403
314 232
906 350
56 866
400 751
681 447
261 546
120 767
210 202
85 473
251 961
783 703
185 435
556 870
245 135
17 83
500 202
936 559
832 238
930 367
676 642
182 362
348 902
376 482
577 85
315 762
444 252
482 147
909 430
157 755
548 15
235 74
719 491
956 911
553 138
280 781
745 447
505 483
858 307
566 224
644 787
698 879
570 536
78 642
746 817
539 14
279 694
193 727
139 67
840 543
838 126
895 123
755 90
155 30
20 635
539 463
44 60
651 236
688 882
820 236
358 292
750 95
473 497
550 541
560 541
745 535
563 239
926 49
567 655
968 275
384 396
494 87
920 106
10 21
309 789
30 685
635 154
410 46
249 126
726 760
837 464
12 640
179 432
949 348
652 64
934 75
608 818
946 498
943 676
711 619
494 75
719 350
56 223
240 17
526 619
332 52
723 211
561 554
28 202
486 95
419 930
783 330
128 561
28 304
720 955
612 566
188 384
820 441
27 585
165 764
305 676
567 318
436 812
301 160
990 21
770 353
41 693
650 621
835 437
451 735
182 903
291 870
571 111
519 200
799 622
392 432
323 499
959 988
263 67
361 750
895 978
430 517
449 832
128 307
184 464
539 787
131 798
61 619
405 798
178 649
579 807
819 864
671 33
310 734
793 381
137 814
651 107
616 919
602 669
125 383
698 389
864 497
257 197
277 932
518 290
498 501
485 712
81 76
574 131
943 339
943 709
819 404
162 346
422 363
192 37
678 371
282 957
657 311
229 402
466 836
174 493
123 365
638 715
641 682
824 259
751 615
516 483
165 667
404 965
555 284
69 243
45 949
317 560
312 442
434 359
505 720
912 348
968 109
452 262
399 313
312 401
111 3
133 363
820 216
79 703
960 423
921 207
924 258
427 993
31 37
362 90
966 795
612 8
476 409
721 529
91 493
827 971
596 717
456 512
856 231
179 511
692 917
519 913
861 874
805 557
664 911
348 534
421 78
675 785
742 713
761 174
689 953
525 734
780 522
728 516
472 42
308 155
625 623
153 587
257 504
404 972
630 279
103 56
223 535
760 604
941 302
164 673
265 547
505 729
693 104
626 116
909 462
326 921
19 89
864 650
277 257
871 998
137 275
318 231
729 682
397 801
732 324
965 637
53 821
991 339
702 73
986 671
226 331
744 266
979 867
318 520
728 622
450 237
6 978
967 159
436 627
816 239
812 545
441 291
986 458
648 123
98 369
530 795
82 544
28 612
963 524
892 446
839 872
474 154
165 114
223 598
421 472
25 282
426 472
79 390
597 650
304 730
763 766
305 631
582 539
270 617
269 735
128 541
348 563
188 420
703 136
686 517
689 295
34 267
175 725
417 910
895 378
28 13
404 764
459 635
975 434
248 502
232 923
29 911
194 293
582 709
786 522
656 197
776 546
206 645
188 138
704 851
705 27
3 631
690 657
358 222
86 947
235 858
101 661
806 791
92 302
310 198
167 112
372 880
806 595
530 406
983 272
760 504
405 577
59 236
990 105
704 868
665 217
906 88
852 327
928 165
977 500
658 370
928 946
843 818
54 330
863 447
983 159
847 204
498 525
744 973
286 180
17 960
605 479
328 437
219 883
143 810
293 430
422 948
651 629
856 474
444 379
377 78
269 181
531 222
468 710
449 197
18 576
132 294
150 205
81 135
886 347
941 996
377 390
840 447
603 205
816 482
416 105
385 758
273 195
112 570
991 313
555 708
541 15
221 598
35 898
586 798
843 382
20 664
666 150
188 41
10 793
283 842
433 707
216 237
824 439
606 19
148 196
593 14
169 217
667 736
245 473
758 829
176 752
524 140
836 483
630 158
965 267
652 249
254 393
440 762
991 401
461 721
649 747
320 517
599 858
105 242
69 449
93 475
644 640
955 410
224 640
577 22
850 844
961 268
584 830
28 426
926 9
234 108
145 386
569 27
3 563
369 748
251 175
133 278
484 33
447 191
322 826
966 115
702 955
643 898
843 945
734 239
670 5
505 733
314 55
79 579
20 445
100 238
358 195
323 959
88 483
657 941
72 718
521 371
743 244
871 3
892 132
158 15
432 682
626 911
418 200
458 115
334 550
724 362
63 333
323 863
983 97
749 158
816 588
644 286
21 654
286 872
245 58
462 560
528 708
28 925
451 663
966 106
551 743
522 844
883 696
681 606
612 919
3 601
136 216
209 375
178 629
526 596
980 623
290 650
103 456
982 768
270 733
624 236
145 82
753 901
125 615
704 633
227 151
83 8
780 902
278 192
507 231
81 4
148 40
684 733
648 390
650 406
634 243
152 752
512 475
783 77
345 113
843 357
420 613
839 721
704 338
888 47
819 434
617 234
201 818
799 77
152 399
658 946
532 434
632 740
620 117
596 621
317 406
968 706
815 205
963 332
341 795
584 769
605 745
678 682
471 680
681 380
65 742
890 241
943 932
656 46
407 502
592 753
513 674
420 359
686 126
544 313
745 21
963 106
944 244
753 936
343 802
397 315
34 599
34 975
953 192
184 104
772 473
6 891
337 336
137 435
965 771
947 264
514 816
362 805
626 510
1 598
607 338
629 993
979 473
209 353
210 369
219 49
948 870
471 122
253 169
999 161
901 631
648 37
596 475
155 23
286 480
786 697
235 965
89 978
273 160
720 872
178 511
137 299
372 969
377 20
983 12
579 972
803 762
285 459
297 696
221 411
296 409
750 844
139 392
11 479
450 213
11 391
26 613
509 971
880 673
556 292
900 633
101 758
797 121
514 685
446 594
983 338
462 576
161 962
436 23
934 306
899 291
538 225
349 595
453 18
943 367
720 467
822 301
530 794
820 189
161 197
861 898
381 685
519 828
417 882
421 956
674 29
342 824
820 522
751 724
204 364
102 939
194 717
449 371
376 717
530 572
175 882
105 85
382 708
878 713
506 777
628 14
866 698
761 112
646 490
599 202
88 604
250 503
127 708
99 876
969 67
769 110
88 883
955 778
960 325
467 311
947 650
905 631
783 27
125 133
336 330
862 108
293 260
684 380
629 533
479 914
869 721
74 468
221 211
657 993
654 685
417 498
640 774
34 874
532 626
476 302
690 772
668 231
245 487
230 495
79 56
912 116
282 47
418 595
381 904
901 428
425 483
888 261
941 464
959 561
691 431
17 537
289 348
625 151
660 837
884 889
288 844
22 448
300 725
851 978
943 13
1000 589
912 778
453 838
34 402
287 627
219 914
387 717
241 894
422 789
921 425
960 518
721 452
946 617
374 966
837 470
105 677
549 732
989 8
509 101
328 719
555 685
20 141
404 698
151 784
903 239
356 37
139 66
362 346
462 327
389 557
1 975
880 769
787 719
881 781
480 777
745 645
728 472
594 572
429 42
634 653
863 776
789 117
702 654
256 402
178 98
105 815
745 534
616 938
780 600
593 857
731 440
553 625
459 463
21 332
665 867
226 891
461 181
961 500
742 782
266 872
726 761
748 916
654 703
270 880
967 186
125 691
56 881
751 739
220 572
866 331
665 729
696 645
316 872
278 659
204 669
184 783
910 757
72 913
53 826
733 762
349 91
630 259
81 168
426 62
815 696
945 380
656 233
103 934
489 387
199 882
22 937
918 594
372 19
520 758
652 125
636 90
308 578
607 833
657 142
605 624
553 634
92 402
864 507
130 262
646 615
848 767
886 918
177 487
950 47
321 839
451 734
255 303
567 564
44 436
899 915
312 791
176 956
45 810
713 72
926 262
599 420
67 232
841 878
666 835
553 276
884 735
352 504
426 492
170 825
689 418
999 627
512 170
621 882
728 519
199 875
61 731
101 937
337 72
465 147
963 172
656 708
815 237
370 717
567 310
806 159
417 145
41 701
86 290
210 723
726 523
451 711
983 705
73 217
179 121
573 583
407 145
542 99
253 730
178 874
71 385
88 965
983 407
549 147
145 130
861 129
226 546
684 49
651 729
360 75
642 222
506 207
219 577
754 537
523 107
482 737
799 236
83 558
12 735
986 350
35 572
90 324
753 140
991 369
629 332
61 837
886 85
10 866
176 907
515 897
711 271
271 299
751 67
968 972
372 613
976 610
350 189
78 38
291 576
466 499
835 563
969 408
769 833
516 800
519 564
926 642
425 622
45 941
652 155
946 802
656 675
397 37
743 594
521 190
225 233
281 610
590 191
928 739
939 189
820 110
161 319
91 587
478 587
131 86
518 647
45 644
352 244
678 953
798 573
624 694
821 836
953 923
477 784
592 847
490 16
419 348
933 913
832 733
310 936
835 568
943 699
929 120
894 399
488 711
143 663
972 327
318 833
775 18
746 972
745 225
876 432
839 572
579 524
951 390
384 392
455 744
32 233
131 206
131 645
840 842
273 693
347 718
817 828
488 33
145 993
375 647
612 698
848 731
740 543
375 242
926 798
466 159
803 699
769 777
473 682
989 273
220 543
812 315
133 331
544 569
742 956
250 795
912 514
378 745
362 146
163 786
933 303
720 597
610 428
960 286
939 978
9 710
636 6
13 747
840 441
184 953
196 14
752 208
643 844
551 111
792 398
461 458
647 77
62 8
925 961
819 569
987 996
897 212
54 331
113 653
202 541
611 228
612 463
688 218
743 852
7 835
377 880
232 600
709 234
394 260
177 924
948 533
143 382
861 323
438 16
921 391
776 73
841 797
794 805
283 75
981 16
378 394
231 92
906 106
736 236
950 672
742 680
521 267
405 399
338 601
282 506
100 937
933 110
457 317
59 4
405 939
373 518
97 562
376 128
868 822
913 581
400 203
273 339
609 537
403 198
593 327
186 887
360 981
962 406
992 972
373 226
946 996
213 781
800 428
602 447
677 431
127 504
401 537
901 249
256 94
495 302
918 801
101 915
996 94
851 382
300 8
834 919
251 602
430 202
51 220
694 216
325 16
561 629
532 533
607 51
899 778
457 547
921 710
465 988
157 118
103 159
124 315
656 852
218 365
179 853
947 99
317 733
854 653
532 410
912 286
17 190
482 733
184 164
67 517
41 381
131 946
391 463
639 250
524 651
670 115
528 453
639 693
869 604
749 640
532 112
550 371
974 208
777 258
979 826
854 367
68 430
123 262
57 745
54 713
127 909
607 56
25 741
386 143
152 54
940 55
101 919
338 587
105 250
234 414
397 66
419 951
360 956
597 995
82 807
575 212
926 113
103 229
839 287
967 234
397 745
219 415
378 66
441 470
337 357
471 429
219 621
658 495
342 908
41 12
441 327
385 594
667 327
280 440
27 747
599 762
982 171
933 154
527 273
731 604
397 260
393 336
704 181
616 55
64 276
924 477
873 85
379 857
251 12
783 394
796 534
492 677
972 497
636 483
792 887
78 739
83 362
688 952
340 123
287 24
34 912
787 572
366 560
349 243
654 865
959 496
851 731
599 73
484 621
964 346
16 480
624 149
751 455
736 575
971 117
590 835
408 917
64 508
814 651
433 947
892 465
678 141
142 364
53 577
348 631
790 538
132 283
588 390
616 62
840 120
174 815
249 801
265 805
969 741
569 104
651 541
791 870
596 214
369 242
648 398
723 978
377 735
543 932
837 497
14 146
451 701
76 869
864 998
39 709
438 554
7 924
265 197
339 385
161 386
831 271
125 987
736 897
250 406
895 270
14 483
426 519
674 587
473 15
467 443
506 738
620 677
143 29
681 831
847 548
683 836
886 513
453 19
283 907
464 306
284 536
86 660
506 774
714 811
380 739
861 115
311 491
265 272
631 802
317 395
608 52
322 291
506 452
767 889
312 192
296 410
494 605
6 452
493 563
765 999
157 509
603 597
657 458
385 14
803 586
655 315
643 11
368 631
292 560
521 285
877 941
26 606
595 748
806 748
356 777
353 435
397 586
641 33
401 836
684 622
989 497
665 427
158 106
796 682
174 825
868 552
875 348
141 16
901 893
881 440
607 173
974 672
24 663
277 235
44 733
133 225
100 673
265 313
476 110
70 580
289 120
270 10
328 706
644 243
494 612
977 171
228 558
687 234
176 226
157 502
249 525
875 122
433 163
54 573
218 935
55 475
555 146
918 991
722 52
686 363
194 38
328 342
699 313
846 550
420 722
672 639
34 619
841 595
881 622
751 879
220 696
97 642
630 217
942 818
481 470
616 162
335 802
245 795
817 893
438 294
749 122
860 456
555 386
773 463
918 871
728 901
423 202
776 796
625 559
210 200
429 443
794 77
179 904
18 480
164 92
865 758
511 359
288 558
488 222
838 92
834 635
559 437
686 807
548 973
433 991
654 972
841 715
36 729
681 351
590 387
498 478
47 331
608 778
960 568
824 530
822 237
369 545
831 698
353 879
869 14
300 178
87 5
279 546
34 258
641 362
1 512
733 715
370 426
603 626
649 576
7 242
542 15
553 596
980 547
476 162
341 854
151 477
931 682
416 824
71 24
551 274
336 402
666 968
132 343
792 664
775 511
670 692
86 10
711 72
414 557
75 359
186 411
133 752
888 380
580 594
279 918
725 715
526 487
240 747
632 346
269 529
532 263
646 850
935 319
612 664
646 507
277 346
297 728
851 225
263 386
925 923
1 466
931 706
471 383
554 106
723 411
376 814
690 829
982 291
527 616
416 138
109 275
722 794
422 311
205 501
871 931
461 406
318 955
137 32
690 54
830 978
413 701
509 849
783 340
235 351
476 937
812 798
128 248
769 381
322 239
657 141
987 898
970 220
953 380
421 260
98 572
155 309
265 130
403 653
323 833
177 638
743 559
531 78
459 371
438 969
241 259
612 267
79 969
334 67
392 710
465 496
273 997
248 623
691 195
36 60
457 193
702 355
670 343
79 437
561 158
209 769
854 997
361 381
877 244
309 965
787 918
845 659
976 915
646 346
243 747
833 395
652 552
636 8
207 988
638 346
612 998
894 160
821 699
418 264
201 685
757 706
757 829
518 885
686 229
155 266
102 23
780 734
599 940
216 198
71 118
334 657
619 197
567 905
603 655
70 546
567 957
91 774
400 604
383 923
976 64
297 996
83 717
279 844
856 459
602 134
285 677
953 874
1 309
925 8
846 517
963 529
78 691
834 981
120 432
104 853
12 147
451 373
34 96
159 589
509 706
356 75
203 174
328 882
78 802
502 565
376 212
