1000 9901
358 553
454 680
702 386
171 86
211 825
317 896
73 824
740 160
479 156
209 424
786 824
694 721
471 616
542 261
229 566
344 288
570 594
900 676
887 81
155 280
108 344
130 598
885 776
958 420
890 358
475 674
899 790
424 438
387 202
722 824
133 466
264 287
766 892
468 39
622 640
994 123
778 872
257 635
589 862
123 212
145 302
952 714
292 43
210 844
249 914
729 408
862 348
743 203
897 725
954 430
651 368
867 695
531 864
952 391
864 415
685 223
615 98
196 60
570 353
328 76
457 936
172 383
975 298
44 120
765 194
476 115
452 213
436 754
901 552
741 297
341 699
747 584
784 478
90 893
647 69
511 401
271 849
475 826
60 900
825 44
1000 139
245 567
772 569
105 533
157 649
6 369
959 85
228 33
267 615
934 285
440 49
792 262
134 469
220 506
834 48
13 621
520 552
449 199
639 692
161 587
56 351
820 827
717 598
761 542
186 245
198 341
628 810
41 30
832 319
464 915
763 361
411 188
340 14
715 458
148 953
421 331
45 591
800 332
108 241
734 69
387 452
470 813
615 706
636 703
398 708
495 576
776 436
351 684
562 93
391 261
175 402
524 202
586 87
288 766
73 120
420 491
776 515
597 693
927 484
784 126
841 99
700 162
671 995
504 459
361 454
876 547
145 965
594 236
337 790
502 15
210 229
534 424
78 20
871 873
506 815
996 398
153 722
12 529
718 87
703 398
82 717
618 299
246 47
589 154
721 34
663 835
703 918
462 512
410 999
360 70
688 260
686 787
981 641
758 209
716 370
184 99
826 414
789 522
385 732
262 634
411 860
928 354
782 381
108 642
470 505
535 927
60 637
995 138
407 264
29 310
69 761
147 823
834 135
283 183
636 799
341 501
624 767
430 364
442 796
4 251
818 659
191 663
930 773
348 582
863 161
758 409
762 980
979 837
286 788
178 133
16 296
490 755
930 884
204 625
676 491
269 939
142 395
435 447
308 951
791 42
558 787
853 733
527 540
549 244
588 606
25 296
351 640
979 171
248 159
931 780
635 375
439 125
225 177
49 483
953 373
288 905
77 469
832 886
391 15
908 443
317 801
568 816
185 908
223 972
483 659
335 978
824 821
642 890
590 860
827 442
831 402
46 530
996 418
119 525
474 404
591 419
59 754
356 80
854 691
824 386
775 361
778 479
449 323
413 424
566 150
440 122
242 186
794 869
742 631
946 828
52 338
569 35
458 610
976 491
423 800
670 355
412 23
329 663
915 120
476 834
316 404
167 479
632 748
90 280
865 662
437 629
294 934
367 756
260 210
356 635
195 959
697 673
204 951
347 333
5 674
136 431
47 91
251 500
288 378
736 788
937 3
128 642
452 536
813 722
861 996
588 584
305 928
828 211
57 138
227 716
944 527
509 458
719 363
994 182
581 374
283 735
876 310
714 41
771 162
260 677
410 214
340 651
69 51
841 170
309 964
115 909
888 395
7 381
796 646
381 550
714 267
112 617
758 976
563 546
12 356
219 872
202 630
996 608
962 688
719 860
742 331
870 408
559 259
711 924
381 165
717 267
811 970
834 617
500 533
51 881
622 504
747 227
258 889
557 371
677 622
753 456
110 191
807 239
441 978
100 113
835 254
673 143
180 425
970 157
954 656
481 894
99 315
467 831
730 123
604 592
256 632
475 620
869 660
393 305
711 369
843 825
181 690
921 983
539 512
136 80
209 585
229 646
815 496
51 346
325 583
435 59
679 356
437 585
513 531
65 10
321 928
736 833
882 707
491 103
995 928
122 60
782 966
507 522
606 266
282 172
891 736
505 29
433 264
344 157
795 486
250 331
689 228
296 943
225 31
887 517
926 943
374 760
362 144
509 351
225 136
585 248
88 384
128 535
519 693
116 470
867 694
46 505
139 169
785 639
444 716
104 517
84 539
876 591
254 207
572 816
153 358
928 812
102 899
382 91
289 870
406 645
93 708
98 842
613 285
45 353
391 885
626 920
721 948
775 147
906 78
673 841
391 650
68 789
641 235
608 354
747 443
506 134
52 289
402 880
721 86
904 498
958 773
834 879
499 773
752 684
57 190
898 796
518 477
583 761
379 39
180 60
954 551
338 916
392 4
388 71
118 371
464 630
929 732
821 934
291 743
700 537
187 950
204 872
117 697
66 841
256 34
559 221
246 70
984 107
804 655
861 955
511 102
939 645
728 112
212 65
286 840
876 88
952 632
130 460
580 852
317 922
799 522
620 85
452 743
163 364
951 735
330 263
560 744
995 523
248 132
805 822
224 253
142 594
619 36
248 407
505 644
16 137
217 388
775 645
496 961
82 134
399 559
590 726
573 540
131 633
563 538
289 657
834 479
954 165
955 196
232 453
175 977
238 351
684 397
834 574
889 569
894 298
814 111
669 400
674 6
379 372
309 97
347 210
846 824
538 617
854 263
30 453
33 752
379 125
394 432
967 941
865 943
333 701
318 211
835 327
796 903
761 735
317 393
9 936
994 178
156 9
907 963
503 354
217 13
971 148
920 630
958 402
764 325
88 798
881 231
809 834
592 350
478 55
553 864
653 37
544 17
505 251
51 3
679 445
645 381
923 119
562 653
304 741
140 379
32 852
456 544
588 889
184 527
295 985
369 565
133 972
663 254
424 173
154 474
197 408
415 465
398 673
649 677
727 792
144 427
823 357
594 943
620 863
457 773
232 836
866 699
650 636
278 789
287 969
680 299
349 640
261 558
278 644
90 528
567 6
382 344
180 86
176 230
902 297
81 179
262 136
336 973
489 406
901 623
394 227
844 807
876 949
755 60
152 401
200 445
497 237
578 654
401 487
241 224
80 34
940 440
869 494
92 394
489 978
203 812
122 980
584 737
859 441
27 570
610 609
994 640
77 604
207 733
759 384
652 894
834 121
783 176
308 336
660 685
365 867
666 942
938 971
282 951
967 68
71 19
82 774
848 980
671 984
924 409
53 671
910 220
217 267
58 769
645 337
60 215
23 477
74 23
827 575
610 165
594 734
973 981
121 80
364 332
292 49
809 233
24 943
39 804
667 199
339 118
838 108
309 850
499 380
120 903
448 910
128 524
92 501
511 493
168 285
245 273
746 854
179 703
419 236
681 705
900 869
741 593
617 707
615 120
387 178
448 684
233 202
540 916
543 306
272 506
883 256
741 674
748 404
418 63
150 622
906 984
557 23
733 800
91 749
267 178
498 448
979 627
656 574
90 790
253 362
200 330
271 128
168 682
59 529
522 155
996 214
302 931
301 692
105 307
927 896
21 725
133 907
247 992
764 201
671 399
68 720
869 950
132 764
17 404
371 513
262 688
564 336
161 323
865 983
602 275
740 49
703 143
317 320
497 324
541 209
709 863
321 54
325 582
236 167
188 322
960 747
304 847
130 711
386 893
259 505
478 15
207 471
781 292
819 209
364 146
572 431
311 437
916 777
757 869
387 93
425 786
10 896
407 902
451 5
601 393
143 952
495 697
701 126
351 549
176 631
304 572
344 781
112 345
554 896
24 907
784 901
770 168
349 437
48 434
904 574
430 814
54 135
439 164
150 185
508 393
519 709
204 618
449 861
212 64
604 467
987 477
915 680
128 822
811 523
423 321
365 515
345 653
717 349
367 227
595 769
667 668
95 430
787 566
128 84
256 25
354 820
831 314
923 935
449 744
732 301
695 347
276 187
205 235
318 474
925 210
48 298
215 950
460 63
688 282
378 400
751 977
904 322
39 824
550 342
621 325
397 699
308 490
646 310
483 68
623 376
113 199
757 694
449 197
910 122
313 630
627 442
759 249
946 438
714 106
144 900
435 135
278 339
91 831
881 2
142 258
753 785
773 740
800 334
729 216
412 540
344 890
643 136
784 850
88 383
987 893
54 596
643 25
292 73
541 874
101 740
32 646
641 616
54 711
440 855
340 716
491 936
24 645
577 559
525 263
323 883
875 846
570 528
500 710
370 394
941 87
67 374
50 632
471 136
788 702
557 7
854 971
391 971
285 324
781 301
825 695
238 348
366 785
594 12
975 697
924 701
588 361
251 723
507 333
290 429
73 523
972 657
318 359
876 993
842 849
38 614
20 245
858 203
697 207
523 327
142 459
527 279
824 198
852 312
994 749
161 267
216 688
726 44
963 682
801 347
584 597
496 139
659 101
645 90
612 131
926 676
759 44
504 736
799 190
517 400
757 571
7 417
445 405
856 484
285 716
697 756
723 628
282 882
841 449
770 464
884 545
108 215
236 284
44 623
230 326
141 239
453 45
753 543
828 47
975 168
227 944
306 257
754 899
295 655
225 183
804 497
136 832
763 691
858 841
289 594
913 632
218 19
103 259
898 383
295 493
546 429
174 474
215 314
96 162
243 53
44 66
135 405
764 593
250 951
256 82
811 992
281 385
814 533
266 471
860 339
114 141
990 819
99 547
963 74
945 747
397 912
949 227
672 55
392 272
446 167
731 87
705 123
328 578
717 216
664 412
186 608
316 663
560 285
869 493
1000 84
726 169
904 534
389 222
691 626
673 451
821 251
308 418
626 101
956 598
773 120
581 191
484 675
655 68
125 34
821 876
364 905
277 700
627 565
540 900
853 187
781 430
131 329
848 981
44 926
995 902
869 929
554 139
138 120
580 911
632 202
838 323
676 442
70 985
786 294
257 540
848 755
427 976
823 426
511 142
818 781
727 846
66 707
734 146
277 307
896 659
521 569
240 545
810 853
150 146
241 869
292 871
332 692
870 188
824 868
931 8
834 454
898 323
383 567
59 965
8 849
405 177
980 571
761 301
77 217
868 548
137 668
585 286
739 686
823 780
704 700
504 386
271 894
919 930
834 662
337 982
263 490
142 756
224 428
200 474
405 629
997 203
805 226
968 991
231 573
972 959
204 17
540 603
65 893
356 340
204 405
401 339
789 576
623 359
929 189
986 290
355 771
790 307
715 197
164 581
649 215
929 679
454 250
888 894
413 447
728 231
835 717
216 59
617 179
551 249
364 485
365 759
170 999
784 887
788 871
456 712
779 556
27 771
50 224
893 639
292 165
871 19
503 911
399 676
149 794
205 725
666 25
499 456
58 457
955 77
493 39
372 233
619 344
340 911
313 752
59 993
23 650
210 143
484 370
807 478
111 957
718 207
521 689
483 570
450 465
716 532
54 215
402 588
681 879
315 569
688 61
543 369
780 613
715 609
972 765
419 711
450 243
432 586
697 178
482 747
368 584
669 172
692 371
820 808
345 328
413 555
554 380
499 563
664 468
539 704
116 729
929 577
755 386
994 726
646 311
527 464
881 104
39 730
498 568
17 504
676 924
113 343
943 497
47 172
599 276
697 735
865 589
313 742
705 36
978 631
446 917
305 743
715 348
130 458
170 987
357 731
412 908
287 288
197 805
560 746
818 46
961 589
399 779
1 456
488 1000
765 962
335 165
62 807
638 262
912 70
456 450
241 860
679 940
684 730
847 62
561 353
15 840
605 120
496 654
680 305
975 410
105 833
281 138
819 902
586 903
799 886
521 860
774 382
868 621
978 221
873 433
391 970
585 325
396 988
213 229
183 420
385 277
480 661
281 420
873 66
301 985
414 136
668 699
280 236
102 655
233 844
931 399
897 355
95 594
834 734
651 828
856 826
497 80
336 210
48 678
380 267
860 541
661 476
77 805
48 565
820 179
323 553
660 804
517 253
4 960
351 43
401 827
106 746
308 382
186 798
939 436
375 294
579 531
853 23
914 253
662 615
844 382
259 48
464 882
709 584
248 594
909 438
527 891
396 207
986 539
719 483
284 528
758 15
829 44
173 507
209 962
874 536
654 378
374 669
444 178
317 956
448 821
265 833
583 321
785 138
235 223
36 4
936 10
596 60
819 343
456 367
723 179
906 625
176 798
429 68
858 854
913 639
254 43
936 808
441 398
45 116
266 867
656 423
898 380
41 725
101 301
7 312
233 125
710 761
236 880
884 132
30 250
401 810
590 978
167 775
274 550
485 160
432 820
587 888
487 790
493 341
720 423
601 676
252 28
586 748
110 166
313 128
595 534
816 793
747 819
401 485
259 963
207 953
617 323
319 783
402 969
463 720
834 964
691 629
639 875
341 180
753 156
260 78
8 447
264 9
468 809
108 368
199 75
38 79
208 678
781 429
341 406
161 624
682 434
985 227
791 869
350 495
44 814
120 572
451 820
416 155
487 178
969 695
491 55
649 997
421 657
723 881
689 897
691 207
585 880
541 880
418 633
828 458
738 334
922 57
303 514
936 885
323 701
914 820
97 107
82 76
870 189
331 958
456 364
384 198
737 232
495 200
760 55
96 603
793 223
831 435
779 92
357 56
820 640
680 209
162 54
509 877
661 80
461 202
869 221
962 593
431 918
379 321
968 226
459 489
295 71
777 988
890 831
87 225
53 49
971 530
589 95
403 30
647 259
372 761
817 604
308 97
591 678
834 953
835 368
159 842
811 395
995 374
651 546
907 956
415 817
990 703
863 439
422 187
977 560
69 702
530 320
715 196
927 386
353 853
518 673
470 747
105 798
703 508
463 891
565 507
198 252
972 467
574 363
151 46
959 727
144 184
696 501
814 183
865 117
154 481
601 312
883 674
975 242
960 169
900 141
53 986
240 767
719 249
127 448
335 192
676 12
658 627
36 163
240 590
261 834
360 555
63 919
709 68
70 390
861 393
519 366
390 505
103 330
286 190
197 769
918 803
461 908
104 663
124 714
842 601
862 924
334 213
335 516
746 253
486 432
703 745
51 846
660 188
4 568
190 263
297 97
266 383
323 354
215 944
280 39
56 807
100 16
213 827
229 884
94 170
765 258
643 784
924 799
138 900
33 186
255 581
935 185
167 275
378 368
285 964
644 285
520 259
388 467
192 756
506 28
14 45
92 853
473 205
558 686
522 576
445 399
985 170
89 413
531 242
951 901
967 451
260 804
831 483
979 437
887 708
946 150
93 351
790 367
244 989
652 324
832 334
589 274
514 357
718 765
23 229
210 812
942 5
102 358
723 150
797 867
64 361
747 236
654 552
303 570
608 854
182 313
516 585
278 780
712 788
395 32
343 366
288 976
22 257
336 760
957 954
159 168
896 378
533 891
456 161
760 111
832 524
797 566
718 48
772 852
383 863
205 427
426 424
211 550
99 580
53 795
737 498
759 629
336 437
725 965
716 648
699 954
816 894
30 456
952 545
506 590
113 822
683 494
649 338
354 568
963 910
893 465
180 108
623 25
317 277
337 575
303 358
968 615
273 855
772 319
6 430
471 925
777 464
708 796
874 980
907 853
680 549
364 54
701 337
18 877
924 432
212 386
69 519
749 421
805 403
166 343
387 6
135 668
981 178
804 733
274 748
260 943
905 598
692 938
677 58
917 523
359 32
550 651
74 208
541 844
249 846
698 525
365 992
82 214
871 90
162 734
589 741
205 668
645 847
337 300
693 647
340 593
733 134
356 339
956 427
116 184
157 458
515 508
628 19
512 179
16 549
663 925
82 282
655 541
987 37
189 498
140 919
958 998
595 936
890 792
891 449
323 173
966 833
312 218
242 39
321 412
319 953
546 111
506 656
267 594
843 563
238 203
919 894
392 225
855 840
125 619
623 220
94 522
55 768
721 300
434 503
252 338
345 48
327 384
691 274
711 175
783 290
723 677
520 365
92 908
493 587
386 775
886 34
706 348
28 368
835 864
197 327
75 823
748 86
417 852
422 888
164 231
404 211
829 243
49 289
231 57
876 306
418 630
334 20
548 748
496 558
577 715
458 324
917 257
790 113
704 242
248 46
768 607
572 953
811 659
278 820
686 274
853 832
819 592
768 718
791 673
759 878
382 730
858 589
451 145
641 481
346 409
241 581
58 21
99 145
663 560
280 7
79 441
581 839
842 693
203 641
755 108
383 791
725 780
10 99
263 343
826 129
366 190
902 735
46 780
674 77
350 594
181 309
172 930
485 421
217 831
273 765
309 215
960 849
669 119
228 409
765 750
415 568
198 561
398 407
184 31
846 529
27 443
337 519
857 376
643 725
919 608
242 444
151 986
360 653
377 675
88 810
199 46
899 908
868 303
27 217
848 947
830 871
251 404
312 528
244 587
260 976
135 740
364 284
611 229
387 495
580 892
283 270
235 9
537 551
221 470
663 35
796 960
14 573
823 313
205 578
339 132
984 719
417 594
515 137
955 422
844 843
277 198
318 818
723 263
505 605
289 536
399 165
222 706
409 871
124 596
72 231
396 871
812 227
82 448
708 412
430 638
789 61
765 919
371 930
724 614
276 215
461 237
941 675
64 889
543 371
328 730
327 516
733 513
423 49
299 111
342 451
129 556
920 958
556 909
5 145
116 692
941 581
302 813
708 848
989 857
6 261
264 996
119 53
934 496
445 29
156 80
530 165
126 834
397 410
891 328
60 436
961 39
820 366
355 353
305 660
400 160
18 883
679 618
45 586
286 844
123 634
36 915
787 573
365 729
404 671
810 614
577 272
305 886
697 808
737 875
110 859
943 823
805 793
583 492
287 179
606 919
274 189
148 523
97 101
150 233
462 175
690 498
784 115
92 440
55 36
438 212
408 359
895 268
382 465
954 318
58 491
132 918
349 696
23 571
708 353
531 888
200 88
698 827
71 975
573 649
577 846
82 420
349 883
417 186
594 914
883 27
242 945
99 520
711 753
642 548
20 240
367 795
258 829
133 959
760 701
924 606
47 665
85 470
967 536
471 713
733 662
94 668
55 910
294 322
422 92
670 249
381 685
968 537
381 572
276 952
479 211
192 563
711 420
198 633
34 758
660 806
511 706
170 470
632 725
688 615
137 231
660 661
668 377
865 823
759 41
227 104
348 29
564 41
213 197
697 648
934 111
350 102
647 782
196 776
930 798
790 558
723 633
62 389
526 20
16 301
992 598
540 240
83 263
181 152
835 788
729 313
838 501
16 444
490 271
326 619
917 522
993 380
742 398
248 309
232 986
709 360
213 633
553 244
831 965
297 566
616 788
466 423
283 615
379 906
206 45
235 366
680 241
754 958
776 548
438 10
909 888
896 569
179 679
220 73
576 465
803 983
453 401
305 205
824 843
785 571
789 147
774 457
724 952
428 13
608 81
206 942
945 448
997 865
45 276
68 75
548 381
405 222
333 25
996 431
449 548
176 348
567 288
186 25
185 226
663 781
209 164
636 261
52 374
987 85
132 462
962 365
781 999
627 942
195 358
588 503
494 182
21 558
156 7
464 276
229 540
717 555
824 84
806 356
442 987
574 896
422 157
601 870
359 562
605 822
843 993
772 419
956 704
494 515
354 174
723 354
606 384
660 536
184 465
80 610
463 865
153 603
692 873
394 916
606 275
131 219
597 52
377 81
458 40
69 897
35 567
397 132
468 859
186 437
115 709
188 15
889 494
746 545
999 849
212 133
231 171
776 258
849 808
847 301
245 507
652 269
508 921
231 56
732 995
19 844
573 269
581 86
11 748
193 705
585 199
166 828
407 546
659 953
876 465
879 594
422 817
487 825
945 72
582 263
822 310
971 968
438 15
556 358
153 397
637 269
771 613
668 991
371 969
409 676
229 491
399 257
312 409
534 708
883 34
399 182
590 95
350 704
722 303
392 416
142 716
218 126
241 311
372 763
835 229
46 892
918 317
570 890
926 887
872 126
593 325
94 487
419 923
83 786
981 821
273 798
365 176
919 611
761 667
479 440
688 559
728 460
749 74
297 392
127 458
623 465
937 320
903 943
65 13
598 145
800 88
196 817
303 127
109 828
492 68
165 122
826 804
957 14
562 766
653 789
411 214
286 966
947 8
342 578
222 244
648 491
796 803
235 123
537 949
934 913
314 518
942 380
410 21
978 379
991 721
776 414
260 759
893 579
176 641
478 591
808 582
999 91
554 686
738 451
515 281
67 911
357 888
49 191
73 305
607 820
231 896
961 367
888 138
512 672
949 917
552 673
414 526
519 487
944 59
157 290
656 655
158 703
183 498
828 901
152 94
426 325
941 674
691 994
546 178
910 915
931 404
67 569
152 461
707 125
251 809
808 964
823 563
972 847
483 362
191 165
307 920
21 614
173 959
565 25
158 449
436 163
184 60
826 631
76 122
30 574
597 424
895 695
277 254
744 803
468 867
26 648
625 96
57 524
459 928
957 161
705 904
468 978
731 604
87 598
53 632
420 861
593 338
153 638
631 959
523 872
193 775
527 864
344 207
71 356
308 554
37 212
657 79
970 30
705 347
943 833
835 968
798 547
349 686
761 699
36 995
218 970
370 853
278 32
394 393
562 87
966 509
969 431
571 353
187 486
758 883
797 865
763 683
698 998
455 777
185 954
887 778
600 508
304 137
233 245
50 997
72 181
344 698
73 348
914 890
116 166
767 91
157 484
140 758
271 620
936 621
901 997
243 93
29 682
50 711
15 619
931 338
716 932
383 857
497 922
669 506
137 729
854 574
394 200
108 820
181 128
115 388
99 664
171 7
172 980
285 19
267 552
939 122
423 165
765 989
707 903
543 628
322 24
626 234
384 635
756 601
207 855
759 266
92 962
484 804
743 790
414 91
345 75
422 193
672 236
268 735
424 485
502 162
429 407
503 415
588 999
554 147
531 322
222 61
494 838
101 948
799 695
361 991
503 524
783 494
644 928
350 385
334 522
544 244
49 682
620 39
841 342
182 590
771 63
370 998
634 391
121 40
804 445
642 304
535 63
540 407
541 842
483 411
625 729
720 975
681 351
520 603
297 582
651 435
301 118
653 225
909 887
197 165
269 536
864 494
157 599
799 152
676 981
515 337
404 240
116 186
278 665
494 962
194 732
357 176
122 456
124 669
430 580
971 956
845 859
257 402
281 276
85 806
525 521
603 297
881 911
935 686
3 803
392 566
52 448
290 461
509 823
876 174
910 587
696 723
803 665
396 801
493 227
350 628
186 765
684 140
320 679
964 428
858 171
342 8
697 239
319 343
760 585
906 357
601 587
673 86
88 562
531 880
290 542
773 211
955 784
815 552
565 81
796 939
947 785
35 843
252 707
240 187
347 753
956 19
556 523
189 238
885 115
691 276
564 14
490 575
934 136
776 54
563 334
541 647
435 195
277 748
904 858
760 441
880 792
221 351
723 901
444 226
925 877
395 942
995 761
546 777
800 505
178 389
895 16
435 526
314 837
98 748
135 817
945 365
49 432
158 594
306 289
839 585
750 66
317 703
836 977
103 210
106 50
698 926
664 610
258 271
560 915
188 588
600 436
90 590
306 515
573 305
275 560
681 597
349 767
758 581
872 532
10 271
750 597
417 263
806 795
977 870
319 360
345 549
779 174
937 890
989 593
350 705
890 826
561 874
212 802
361 53
747 643
548 624
946 995
445 932
686 738
473 427
589 45
440 28
831 112
7 626
781 667
392 559
341 228
55 870
259 689
21 946
668 307
596 220
212 631
284 4
866 500
450 820
103 922
731 375
245 721
74 707
707 282
611 440
958 431
31 755
506 118
198 352
218 546
492 69
41 43
313 718
395 748
472 425
97 780
403 957
246 239
93 376
919 38
596 145
652 419
525 171
853 302
947 297
914 482
564 977
499 686
64 401
463 11
853 671
712 541
288 745
220 236
331 653
766 291
676 15
550 544
24 686
532 409
605 16
254 102
435 776
3 460
685 216
997 710
447 741
653 442
949 580
783 514
54 905
439 833
465 462
194 516
486 292
417 291
334 167
133 679
101 243
90 836
362 737
988 813
591 496
229 159
926 15
929 313
593 244
993 690
817 492
466 722
360 81
147 213
498 195
985 755
158 439
473 391
717 156
522 922
584 781
392 596
873 143
855 882
700 817
437 661
789 608
955 856
981 968
359 996
87 408
955 969
835 399
618 773
748 980
910 127
895 519
472 103
544 86
421 402
442 771
743 723
506 138
880 435
322 540
763 366
619 938
952 911
645 349
717 689
795 43
732 602
140 220
382 795
239 886
899 25
847 375
776 300
857 647
548 469
112 378
520 977
500 241
687 335
139 493
549 399
861 200
864 340
537 690
934 668
520 928
283 522
106 251
713 81
897 778
464 821
677 76
131 750
940 872
44 309
281 29
326 106
489 130
167 569
996 599
139 88
547 167
361 88
236 776
228 904
724 533
250 924
859 870
272 786
806 803
523 15
341 600
587 848
179 785
509 786
181 48
518 145
242 62
461 352
686 683
1000 238
893 381
750 478
403 91
132 379
816 704
599 207
693 6
859 290
784 867
682 809
702 300
639 883
364 787
551 57
240 257
972 82
406 616
191 446
187 891
21 859
298 304
394 879
706 639
535 634
136 442
819 159
433 616
341 367
868 899
550 93
239 948
904 959
28 367
515 775
398 905
629 365
900 331
903 660
260 938
407 965
356 819
40 52
316 381
244 828
934 599
89 521
314 836
482 616
391 358
874 294
488 757
892 931
538 84
988 290
202 379
184 994
580 596
447 607
528 455
822 697
897 790
550 616
497 714
469 944
698 874
127 692
20 850
819 693
719 976
296 538
719 331
963 386
908 257
824 828
110 473
348 342
756 75
261 441
957 844
908 19
814 542
854 603
68 964
641 164
860 296
313 27
138 150
712 207
416 284
747 208
648 599
55 844
697 238
392 127
773 321
338 798
289 364
436 245
609 23
958 86
982 72
195 646
878 393
561 719
904 238
869 714
963 653
294 985
332 356
906 729
764 359
433 571
920 395
952 873
809 928
776 55
947 46
182 777
153 565
135 765
66 570
235 913
329 212
40 129
296 43
518 874
740 558
900 846
600 121
823 12
891 586
766 554
861 505
914 511
657 966
518 773
297 391
344 455
389 953
767 68
549 145
785 551
457 201
978 349
245 362
482 524
447 994
249 879
413 654
13 340
642 388
534 158
44 366
173 14
410 320
287 26
269 571
17 506
310 425
576 319
650 538
353 650
427 655
874 100
589 535
951 80
737 236
388 410
686 295
505 928
842 545
435 973
112 846
149 199
334 955
832 631
634 975
690 621
915 624
293 780
405 926
834 608
101 47
194 963
103 657
955 480
60 709
9 302
11 126
596 905
868 918
940 267
670 164
195 324
364 693
695 531
220 945
829 541
742 522
1000 437
449 465
385 797
406 929
155 355
855 990
877 898
270 80
259 705
152 943
248 836
709 857
618 814
605 792
880 313
843 911
635 33
247 831
583 961
804 562
329 406
535 674
350 60
27 75
943 73
946 287
970 361
705 25
37 62
165 969
761 356
247 605
840 885
785 52
126 406
454 409
439 367
991 322
294 566
524 663
529 47
480 211
317 992
948 646
974 898
353 948
282 504
918 197
166 862
996 813
888 430
500 956
600 482
508 391
737 159
404 826
315 481
353 662
228 518
135 58
393 559
232 577
897 975
475 231
483 720
67 273
513 159
628 86
812 109
334 217
444 809
638 939
884 367
958 978
779 205
851 561
67 852
357 314
265 796
432 591
825 1000
38 975
275 11
186 690
891 379
998 573
711 556
82 619
289 187
329 886
972 984
920 835
545 106
935 181
72 579
490 850
604 674
199 126
19 236
632 811
999 185
530 160
863 36
867 33
5 338
190 726
60 778
628 818
916 836
886 254
27 87
226 638
288 441
877 281
74 454
403 984
638 218
500 476
535 59
486 859
322 664
382 792
904 738
653 25
468 289
876 230
995 560
724 112
602 882
785 306
380 251
135 888
162 694
325 410
382 69
776 666
941 192
32 698
894 224
629 82
831 529
707 543
944 507
928 976
56 651
444 862
599 650
90 950
139 779
704 586
279 908
929 363
33 286
16 588
493 364
223 519
246 940
64 856
907 316
954 524
786 711
768 70
751 29
293 597
345 197
856 557
262 848
670 109
484 960
158 257
825 4
310 588
756 564
481 846
248 979
38 890
755 500
960 924
276 541
155 698
462 810
195 685
695 712
351 22
317 375
854 107
227 109
209 650
763 47
934 469
942 617
728 309
766 813
639 545
21 190
218 539
2 476
574 956
41 98
499 986
302 379
69 404
344 173
602 448
333 978
126 430
416 633
643 234
849 961
296 991
466 275
448 778
620 176
982 971
948 719
649 686
10 676
211 29
582 124
196 719
857 531
955 138
594 934
818 350
819 715
380 531
953 701
992 149
556 494
172 487
301 133
344 664
606 795
866 549
686 264
500 795
780 885
659 892
812 166
319 374
671 237
323 115
784 399
803 445
966 923
698 77
619 610
667 936
264 611
137 763
210 483
873 33
855 497
893 62
489 296
717 496
935 313
556 50
24 163
501 837
800 516
980 882
506 557
397 906
876 963
21 698
224 570
855 215
772 761
756 520
777 133
564 379
303 401
952 413
646 877
293 683
369 61
705 699
834 961
981 798
29 353
40 582
536 843
105 660
700 617
552 457
351 155
155 420
672 10
23 427
840 996
786 150
544 792
189 93
796 171
212 418
711 56
624 866
75 858
402 390
597 49
283 393
1000 933
291 898
205 888
462 278
463 128
805 149
952 567
516 344
775 573
636 517
957 683
597 644
874 283
361 356
550 570
609 222
75 742
407 575
836 979
818 322
832 189
749 858
970 665
862 651
523 102
500 968
984 533
15 911
606 652
537 395
760 60
577 922
193 913
492 831
902 268
480 739
250 981
539 937
16 517
327 911
698 97
882 450
441 248
595 987
581 724
394 142
552 950
955 483
521 393
850 646
468 517
731 393
933 605
915 190
509 571
402 919
539 762
385 739
979 303
488 362
694 686
218 159
513 986
165 436
275 204
502 863
88 703
549 542
460 327
208 744
579 98
236 158
274 511
919 493
867 4
740 286
887 473
869 638
1000 739
250 14
14 453
752 324
467 710
455 333
481 306
868 442
148 942
517 355
648 494
226 230
814 479
299 894
456 639
183 756
19 655
630 7
452 651
932 189
625 389
202 478
794 186
207 99
671 720
619 163
582 53
534 200
105 405
117 170
463 442
139 336
413 657
236 512
112 574
357 635
687 395
980 391
274 154
41 647
932 369
434 756
667 740
997 853
874 368
769 52
133 85
699 183
902 488
832 596
475 538
824 612
141 838
418 205
312 440
461 233
725 812
561 827
689 334
375 871
546 177
604 895
882 377
652 975
458 437
311 117
364 523
769 327
733 654
935 86
647 354
850 618
997 233
13 642
893 456
234 711
906 315
748 560
217 904
270 130
916 752
459 71
721 360
80 368
692 415
752 386
218 482
844 114
114 659
960 607
216 255
273 904
973 547
408 913
781 570
632 923
688 861
344 35
865 583
776 240
174 811
691 511
675 962
303 909
469 501
363 158
736 724
218 695
827 527
1000 378
465 834
248 430
981 266
692 979
349 240
631 734
324 42
784 841
150 114
499 652
10 641
234 9
538 155
847 407
794 1
617 610
300 826
103 135
822 723
144 470
115 845
442 167
813 500
175 763
144 357
733 189
954 314
498 635
314 93
907 192
84 583
989 324
189 944
817 211
488 787
702 662
910 58
121 687
453 680
863 929
668 689
975 567
389 432
427 5
578 875
696 570
406 688
177 339
759 737
461 286
190 292
856 768
506 633
787 338
338 553
498 229
431 893
494 265
795 604
464 300
928 379
605 957
489 911
623 308
496 445
937 483
222 375
795 973
669 940
997 495
821 785
234 989
203 102
187 893
313 554
869 549
526 254
599 412
915 325
931 352
884 219
613 544
834 271
49 973
812 72
782 23
677 195
511 957
493 610
579 737
620 403
197 366
914 262
438 584
884 552
459 687
400 179
709 707
753 899
59 498
296 960
593 862
984 365
13 477
491 879
112 408
779 618
495 988
704 235
64 330
637 515
799 244
686 543
287 32
325 381
628 378
811 682
387 598
63 521
712 821
286 360
803 94
749 774
244 498
542 953
176 114
853 792
747 493
452 135
663 555
353 590
45 272
486 482
90 907
703 735
906 959
215 17
876 941
237 953
474 413
882 302
756 882
349 811
150 676
780 555
86 806
967 619
919 772
722 470
426 171
815 727
119 298
449 346
266 304
742 982
507 76
532 43
56 228
418 471
945 474
20 263
313 251
34 679
308 58
855 45
402 963
332 384
833 365
906 499
891 147
968 648
91 555
57 879
131 400
117 551
613 866
418 400
350 183
943 454
841 316
341 400
844 265
518 590
616 440
529 295
912 425
394 912
532 903
403 930
561 992
400 236
324 637
874 614
446 855
361 585
404 595
649 632
502 478
416 177
567 958
495 899
885 23
559 330
905 855
177 248
89 916
201 242
337 498
2 916
629 131
532 140
135 208
638 211
441 285
573 604
889 927
102 924
395 657
145 789
419 498
728 221
873 115
466 971
231 585
988 836
755 115
300 326
341 542
463 443
986 293
750 698
751 231
399 178
630 732
756 335
703 832
985 619
416 314
473 319
533 257
225 882
900 558
468 518
587 632
864 535
702 130
100 201
446 469
488 363
289 270
115 814
722 732
487 367
477 530
613 646
852 578
763 121
104 426
88 815
455 447
866 354
95 84
577 253
423 733
762 819
412 274
930 723
790 635
114 590
5 653
692 841
240 952
496 274
117 462
322 690
365 752
645 462
306 158
434 939
823 391
878 854
681 506
560 709
926 916
987 646
823 308
736 390
185 640
40 413
439 15
760 268
886 348
529 847
892 997
809 495
101 397
528 1
413 513
749 829
898 143
314 70
872 996
233 174
949 608
146 783
788 674
59 998
225 466
707 946
889 955
138 507
876 663
917 115
703 646
601 228
922 520
513 14
721 931
679 627
437 79
594 322
336 94
284 726
551 816
26 909
48 689
270 272
933 624
990 611
539 729
313 704
668 483
942 774
156 143
237 52
972 520
38 175
333 609
677 460
678 927
570 636
627 581
425 203
632 813
190 837
28 96
934 68
813 781
959 531
140 505
160 263
533 913
951 899
476 545
773 859
134 783
435 316
463 202
446 924
257 355
508 993
199 700
790 353
738 46
757 242
403 843
550 387
871 334
874 446
412 907
86 703
970 109
560 737
888 750
870 898
896 675
89 931
864 343
2 58
168 334
959 7
858 893
714 505
679 933
779 303
562 181
690 382
508 421
607 647
115 253
23 566
818 410
513 328
343 469
918 961
602 594
906 777
330 148
160 699
920 229
25 775
30 16
949 870
73 563
882 267
510 600
681 844
564 579
307 730
306 955
826 322
613 26
542 30
526 643
980 975
122 274
233 710
930 228
694 885
74 834
932 810
678 729
695 597
18 419
557 596
282 646
137 153
670 907
505 429
265 317
708 599
468 796
434 348
877 72
180 136
199 92
806 204
661 711
848 850
186 793
502 55
520 436
522 622
725 101
429 616
87 856
829 964
2 474
162 161
226 60
252 776
571 688
183 654
460 765
463 174
46 130
245 661
41 918
460 844
908 248
14 591
951 314
341 794
774 785
154 82
46 92
943 982
488 760
838 136
148 564
130 203
370 708
421 984
999 415
297 854
183 114
885 340
923 571
415 143
186 69
849 387
442 43
387 998
509 281
559 516
703 585
650 327
188 650
637 469
431 778
267 797
586 565
225 651
669 474
483 635
375 953
384 910
205 218
885 648
722 973
674 35
531 662
623 4
782 826
220 569
834 829
212 889
873 833
949 28
134 504
708 917
555 10
313 363
540 766
356 271
627 652
920 556
446 280
311 650
388 401
726 947
639 630
341 415
804 537
914 73
735 35
166 282
415 521
508 425
143 574
792 772
487 171
35 570
587 249
491 44
53 813
684 853
478 314
391 417
269 965
980 143
605 358
788 826
685 462
667 847
524 972
386 325
560 568
296 514
859 532
72 866
71 876
239 510
538 67
393 560
598 903
859 645
471 219
309 748
132 875
169 209
480 374
159 366
201 444
206 911
119 634
901 696
103 573
340 849
827 321
846 95
868 691
637 106
52 416
474 126
989 685
171 50
544 968
372 593
762 861
393 972
176 460
217 656
949 207
925 876
276 435
772 584
630 262
668 617
544 551
742 958
252 430
697 15
950 683
280 457
585 330
998 743
655 130
90 936
971 361
661 541
289 331
167 356
557 668
7 767
179 362
933 957
327 98
682 127
331 103
740 393
62 149
468 626
913 321
677 440
515 224
109 166
773 981
334 821
691 306
283 73
947 926
644 70
868 420
706 267
134 800
380 408
545 632
268 449
677 107
738 11
539 70
373 228
681 955
965 800
679 674
847 268
558 849
154 27
796 990
124 797
469 674
330 376
870 886
121 341
840 421
277 192
673 949
373 439
396 722
842 366
438 604
404 197
810 960
315 482
103 323
803 25
112 798
82 442
194 512
396 560
612 638
229 10
312 442
755 78
737 495
774 180
426 334
561 825
229 155
107 819
836 526
778 10
670 116
263 454
638 648
808 969
902 155
986 88
15 470
720 132
350 963
47 993
234 852
369 674
191 390
123 52
18 56
352 786
316 949
687 678
325 545
622 841
860 966
496 753
758 281
939 465
672 703
761 989
875 479
838 737
658 123
130 672
628 587
858 176
634 443
303 911
821 590
326 36
199 814
19 572
402 460
278 219
260 946
763 467
748 5
352 350
123 993
533 704
848 390
737 877
554 621
316 360
232 883
571 482
607 480
943 930
530 956
47 564
741 527
11 952
41 737
279 683
263 102
600 624
267 99
589 476
747 400
965 489
732 484
290 51
256 79
457 706
186 384
279 905
530 797
267 833
825 815
50 520
561 805
428 468
30 416
423 561
276 864
389 463
962 259
691 835
103 811
401 497
954 751
739 591
801 112
548 795
412 102
208 916
483 26
844 1
846 595
8 395
138 562
583 868
539 450
374 195
377 349
342 941
769 877
40 907
64 511
639 546
341 363
571 629
496 460
135 661
796 241
246 184
653 856
487 134
161 846
365 550
594 255
442 517
97 317
176 601
74 72
383 454
974 735
114 889
429 154
987 848
415 475
218 939
706 368
47 817
727 786
193 767
40 342
335 129
233 331
811 684
774 560
45 108
420 670
626 258
597 379
194 729
510 411
884 140
615 300
564 770
431 789
15 586
841 759
971 768
662 487
404 467
564 689
681 920
324 362
8 619
345 494
404 305
671 413
436 608
185 454
906 366
569 40
940 88
751 784
982 376
540 767
298 868
647 173
816 86
673 474
657 573
817 227
186 843
796 384
709 112
325 616
680 633
497 295
317 20
144 825
187 582
424 116
208 557
282 812
320 151
984 190
255 501
395 542
770 521
537 818
297 233
207 362
409 423
317 246
363 88
628 996
115 715
245 84
143 445
268 429
253 617
285 451
53 861
257 900
274 602
224 337
260 537
944 634
852 83
46 14
162 539
1 415
168 376
757 90
813 280
173 249
391 326
698 44
419 9
370 745
280 705
559 709
139 134
784 177
548 484
310 429
386 501
465 340
166 573
177 472
478 346
90 587
551 714
367 421
851 360
761 159
539 967
769 45
788 383
951 221
547 191
484 214
637 504
216 908
642 964
150 840
77 161
370 173
152 72
252 201
362 537
424 840
868 771
186 462
530 756
768 1
878 220
664 82
917 521
180 972
264 864
233 358
638 764
252 431
533 368
525 217
20 293
591 686
484 47
33 150
424 757
333 635
30 549
87 588
697 488
350 774
85 91
651 241
611 447
321 957
840 923
787 840
953 989
833 26
374 442
526 39
322 513
11 483
895 844
531 335
515 818
643 265
112 117
535 303
903 843
942 279
283 406
679 879
362 485
795 499
716 292
503 864
70 77
128 708
53 945
700 76
460 935
297 487
390 580
391 277
965 944
488 630
969 437
219 562
663 425
480 70
951 368
474 620
914 641
112 561
663 286
187 65
98 636
889 863
504 443
547 289
608 817
680 350
148 348
723 480
943 751
712 847
388 722
11 125
231 542
713 363
781 699
757 492
206 794
686 438
943 924
540 94
662 752
569 676
932 594
420 712
599 960
600 802
608 381
275 414
829 859
925 168
543 265
17 939
53 29
552 852
521 491
260 345
687 522
741 128
172 637
473 394
826 398
482 328
925 458
215 686
588 132
700 974
935 177
367 595
682 173
217 62
972 186
919 413
407 361
670 561
583 784
715 152
583 640
271 398
330 886
294 997
575 380
635 449
286 917
969 533
622 825
448 299
476 547
493 635
331 352
829 481
80 544
186 857
653 819
675 967
412 743
948 465
752 242
628 941
244 950
563 58
417 932
861 801
45 724
563 939
588 64
412 901
758 516
455 488
315 178
207 64
468 412
514 236
989 14
361 289
995 15
453 337
774 597
25 122
119 878
390 322
743 112
945 57
505 514
954 313
2 858
59 919
318 928
547 170
50 622
167 645
370 275
633 495
46 514
803 389
916 236
619 622
794 704
264 587
958 737
204 285
721 909
354 750
778 92
313 2
769 311
312 198
302 993
216 610
161 39
43 635
8 686
48 607
268 864
859 313
997 411
929 939
824 191
843 877
312 915
39 352
132 134
243 701
562 975
566 595
826 644
757 656
796 44
725 498
502 53
285 593
269 364
626 345
669 483
540 41
530 19
164 277
645 362
347 905
60 198
740 672
64 129
62 396
840 802
947 70
202 51
922 776
373 42
875 518
304 623
373 897
913 955
821 722
952 543
314 568
294 626
182 756
525 238
813 979
287 271
54 526
515 40
629 394
331 763
430 253
213 755
823 382
609 182
537 657
723 186
63 677
690 401
340 746
567 885
35 92
112 633
404 783
573 24
182 140
614 131
997 793
514 81
747 494
675 29
820 992
776 920
63 1000
654 985
968 96
475 80
976 923
234 489
642 556
272 710
544 973
164 919
739 541
885 775
793 424
191 106
48 748
379 154
90 91
73 783
294 353
498 772
225 964
834 938
122 616
285 866
422 5
997 447
48 970
285 787
69 223
559 458
194 303
88 854
35 881
795 859
317 19
299 616
880 228
142 166
929 83
386 876
681 469
705 74
990 361
359 265
291 569
329 334
402 386
421 422
753 439
451 831
305 806
487 58
684 998
866 897
481 101
657 410
162 536
254 402
300 898
917 265
993 115
531 319
317 697
874 150
983 536
289 628
129 483
72 114
79 355
634 758
854 815
729 730
515 435
480 264
300 35
798 294
323 962
146 953
680 385
349 618
227 130
940 83
211 633
751 371
543 391
234 461
99 585
94 493
873 146
466 744
360 123
275 213
470 224
346 50
795 763
367 571
119 267
781 772
838 831
199 371
401 440
829 536
481 906
777 165
81 336
959 181
122 908
907 550
554 273
609 858
887 183
856 537
584 520
694 605
808 668
130 952
188 655
714 710
160 399
627 539
316 770
463 989
834 195
467 406
364 118
575 680
388 262
929 558
817 10
813 968
979 416
359 386
736 699
689 587
581 461
853 296
191 945
473 692
974 532
271 545
499 692
705 481
145 917
165 679
19 290
293 399
653 210
33 969
602 778
55 216
202 700
130 177
727 586
33 954
766 436
272 322
515 286
578 79
831 760
272 185
135 49
163 184
383 989
832 569
941 267
623 518
180 605
290 45
937 958
703 643
410 754
113 551
495 469
794 540
523 118
500 637
67 50
530 838
289 92
381 462
509 761
863 990
739 708
885 846
209 229
686 657
556 497
548 658
532 127
897 398
480 848
744 253
692 325
195 295
821 103
27 494
523 421
356 370
893 437
587 758
455 126
898 899
901 96
61 771
688 627
981 978
907 979
568 169
976 318
249 396
800 12
791 710
631 7
264 345
801 406
753 957
700 304
279 3
585 580
434 67
161 928
331 306
994 16
832 187
316 4
504 796
714 179
460 811
511 115
743 316
729 342
972 455
287 298
780 503
790 215
810 753
376 453
174 120
984 260
896 678
948 871
634 717
776 560
12 194
767 232
757 386
148 214
859 606
399 563
904 772
936 965
793 124
701 603
710 651
146 878
486 506
569 598
972 565
20 922
793 158
484 239
985 902
252 131
519 81
647 412
650 384
264 731
849 15
555 261
927 589
952 279
356 105
553 824
601 624
375 101
275 155
424 575
83 866
265 465
561 950
919 793
690 377
497 424
260 92
62 192
661 910
636 189
364 920
200 841
790 708
883 686
802 440
751 589
882 684
153 690
43 514
209 798
265 540
964 922
326 503
398 992
203 376
369 592
867 209
579 741
947 73
269 77
53 726
235 188
518 896
580 813
356 825
91 774
692 947
785 247
986 656
308 900
330 220
207 182
559 461
35 353
975 80
913 785
282 394
327 297
213 754
657 704
680 249
775 490
667 789
483 928
254 81
115 813
409 950
104 570
46 317
875 807
414 417
379 937
969 174
96 206
524 152
353 578
907 113
836 41
30 224
747 638
3 333
896 206
133 91
419 427
480 587
936 888
786 661
551 919
608 183
973 65
357 492
170 42
827 60
437 388
812 336
191 149
319 928
233 679
566 355
915 169
705 525
133 44
261 103
733 28
821 95
40 621
761 790
136 239
246 734
137 186
928 155
30 719
339 601
506 490
880 275
848 817
942 543
504 519
433 573
216 187
435 91
346 514
165 78
4 917
22 969
387 220
986 31
423 650
482 194
446 633
804 619
967 457
596 277
591 729
544 184
52 583
473 558
865 508
835 421
27 899
708 701
468 247
947 799
554 912
791 93
780 466
925 791
909 178
487 394
932 21
398 649
348 972
644 673
186 49
260 682
757 263
157 786
139 299
158 597
782 563
508 522
899 373
463 338
547 263
106 61
367 310
59 985
671 942
249 595
894 61
987 461
497 633
977 311
851 362
851 357
193 916
897 22
534 365
465 116
674 352
381 184
346 544
78 200
600 840
16 649
181 193
149 419
812 421
970 279
355 722
198 780
860 441
988 614
613 95
156 304
948 344
299 280
121 718
32 381
932 719
323 430
164 874
693 592
425 322
977 925
636 118
32 492
414 650
829 761
314 162
84 432
614 835
161 697
623 473
117 680
361 894
341 432
624 820
478 251
672 410
160 366
415 750
61 162
942 277
469 589
416 567
933 779
58 920
24 872
978 537
739 447
374 346
987 877
496 756
116 261
338 267
179 969
932 9
970 964
282 450
598 708
69 380
865 466
887 830
728 733
214 888
766 437
35 23
810 437
967 343
297 784
580 313
945 108
404 183
722 86
934 868
584 139
768 2
792 19
785 660
148 188
77 242
281 469
284 524
802 177
758 120
289 994
931 271
18 703
544 888
371 715
751 44
206 105
34 777
308 954
200 481
536 123
293 580
354 554
217 866
829 882
865 926
243 562
961 355
635 884
29 179
912 809
18 573
350 849
527 37
624 626
792 562
441 580
273 899
528 903
851 673
532 547
34 800
900 463
188 489
874 593
36 821
135 707
155 129
801 759
83 68
623 832
295 953
131 936
709 379
951 272
988 422
221 49
866 838
503 995
763 562
898 818
877 828
58 421
679 976
149 837
560 628
188 813
923 418
871 40
954 465
511 425
802 896
380 628
487 688
663 685
996 606
928 982
50 620
237 686
755 785
132 814
538 809
135 421
708 505
581 885
935 251
321 126
797 27
315 737
337 105
814 517
104 780
747 546
824 517
417 177
698 34
826 223
538 715
464 116
617 50
615 491
964 289
346 120
475 788
519 225
647 300
264 683
447 218
786 592
381 578
285 770
657 709
986 59
364 763
846 551
800 891
48 544
697 437
114 289
941 834
564 131
412 432
517 115
166 99
11 897
110 760
692 239
933 195
305 172
248 753
766 855
689 200
288 364
975 590
127 283
273 248
607 13
98 827
503 516
416 512
588 548
221 371
849 938
558 946
979 347
282 233
947 249
677 401
878 931
118 788
387 703
135 965
338 211
676 255
22 590
382 24
853 149
629 57
442 213
723 188
390 669
746 817
681 720
629 170
11 985
956 741
382 506
239 343
81 797
462 434
532 446
396 612
695 64
989 419
936 561
977 582
820 695
802 134
128 121
521 758
902 437
171 445
722 70
128 488
68 15
550 658
775 206
834 646
321 505
873 180
379 303
342 401
215 925
53 34
551 871
800 649
764 186
730 966
87 327
345 284
521 289
425 468
66 478
307 984
403 493
77 766
290 58
86 602
181 672
644 328
687 746
230 835
47 779
251 164
952 129
645 162
497 292
84 268
50 299
934 128
937 252
669 685
503 635
606 280
592 454
499 956
64 239
905 495
534 657
250 214
86 656
643 191
292 471
60 91
577 423
101 801
118 961
981 461
288 598
443 946
649 611
671 762
107 481
637 945
124 868
286 431
733 478
834 466
67 540
488 615
732 794
988 140
462 31
101 485
915 667
440 633
591 198
172 80
985 803
396 520
556 238
206 915
851 474
270 620
732 431
348 416
719 723
579 292
172 886
618 450
910 956
660 163
73 975
884 385
43 227
172 773
66 256
570 144
219 290
647 372
336 6
869 420
747 776
303 435
507 220
695 665
679 52
293 329
331 537
976 453
446 785
877 123
644 300
772 505
369 172
778 598
653 554
545 161
782 182
584 921
164 585
717 931
792 582
578 171
939 99
190 829
601 250
412 367
450 726
865 573
477 783
743 564
834 368
122 78
838 264
147 603
666 681
26 264
815 8
32 937
421 297
407 778
505 408
87 353
787 664
513 842
258 86
600 203
477 864
692 342
932 10
809 563
166 710
652 185
799 314
292 824
700 173
693 852
769 731
949 762
131 523
347 499
177 505
879 750
295 425
206 124
176 63
396 556
435 299
989 491
292 235
797 728
175 944
513 1
399 364
772 778
834 798
632 263
975 601
364 825
923 946
428 492
67 52
513 870
146 701
684 189
940 343
707 100
302 968
413 497
73 884
204 474
26 918
595 731
198 760
768 159
639 787
221 825
699 649
424 581
354 410
999 543
947 691
379 53
234 848
424 724
223 236
133 244
942 890
997 501
691 694
208 714
942 997
619 680
377 325
911 810
364 965
630 296
430 296
674 666
179 104
737 534
593 586
285 938
47 33
748 242
841 464
428 106
493 521
499 628
282 146
766 538
235 94
351 524
465 981
46 218
309 876
951 301
349 123
98 317
745 686
961 633
852 261
896 599
491 935
563 449
970 440
345 986
111 775
422 886
671 364
444 668
326 646
168 540
333 154
741 749
48 22
105 75
124 737
418 120
573 752
868 736
810 588
232 322
306 805
769 411
590 109
738 800
712 219
487 887
453 803
347 288
741 80
31 395
617 194
856 774
894 566
642 685
978 41
973 189
635 930
623 599
712 441
678 722
679 111
938 167
575 46
679 207
32 422
470 264
260 94
119 19
344 487
125 702
971 130
75 73
96 940
777 477
234 331
588 905
378 125
453 747
679 435
203 378
782 986
118 75
981 327
857 969
678 233
849 937
593 967
540 202
942 338
117 488
862 132
463 90
818 119
122 344
732 529
514 348
442 355
761 7
745 650
391 350
49 387
124 833
766 272
969 114
379 475
720 952
832 982
836 998
874 177
840 481
896 563
642 43
846 315
921 96
484 472
943 563
547 250
388 976
624 487
456 121
520 674
443 341
409 805
764 759
249 550
158 936
430 589
287 844
660 426
625 899
202 980
77 296
7 189
500 657
673 545
620 642
517 752
185 895
133 743
932 917
169 659
742 772
981 596
638 885
142 766
768 57
806 545
241 257
224 561
523 257
872 509
564 467
603 127
15 485
952 309
324 751
73 780
609 962
60 818
5 223
449 668
411 664
194 8
691 141
231 821
986 28
436 253
330 600
826 581
664 280
976 474
886 637
887 172
264 934
216 93
160 247
990 719
493 909
97 684
602 479
928 784
627 512
166 140
100 896
191 555
104 451
876 204
839 111
915 359
735 46
170 722
123 734
730 426
549 982
805 444
988 552
865 385
624 1000
205 881
726 513
291 229
269 960
571 576
883 722
260 517
120 806
869 507
247 663
89 621
3 85
878 815
793 879
633 104
602 821
287 125
951 394
993 112
386 350
816 407
154 802
581 153
646 591
793 905
520 719
760 212
284 772
747 318
196 456
303 416
992 39
920 260
172 81
615 255
820 741
75 708
512 755
400 588
315 699
657 945
530 974
33 366
272 662
592 539
650 503
542 185
359 233
684 523
132 517
501 802
249 825
67 232
473 257
184 61
156 306
639 989
590 453
823 598
450 743
446 479
322 89
696 982
329 723
38 133
985 597
901 9
243 713
118 503
817 810
70 618
437 553
756 777
146 173
645 133
891 915
875 502
857 103
640 523
865 572
297 184
304 716
502 227
14 383
112 105
208 765
826 925
331 457
369 542
80 727
407 916
785 835
529 406
10 441
469 587
472 289
515 839
390 937
433 138
876 250
568 699
383 410
700 72
314 767
885 68
717 921
982 778
235 147
475 416
862 332
796 586
600 379
818 493
969 10
184 930
421 923
957 569
851 42
818 353
399 728
76 891
681 559
3 567
614 255
780 165
439 856
279 755
431 856
897 112
76 601
663 617
316 88
394 218
950 511
215 983
223 863
367 776
149 453
48 728
301 650
345 298
823 517
614 100
795 728
32 300
820 829
363 698
289 179
623 168
290 748
995 305
464 327
742 558
66 7
160 192
588 128
203 226
169 790
705 868
394 999
915 449
221 986
721 498
706 70
871 938
895 526
914 123
364 966
751 554
316 801
231 438
457 333
369 937
758 397
709 583
567 681
805 116
274 764
857 997
923 233
997 560
615 394
454 509
439 331
810 621
17 50
302 65
274 926
439 504
666 428
83 82
879 958
538 226
978 285
652 94
54 832
510 134
2 935
934 740
41 603
704 309
888 466
173 78
197 728
561 493
803 56
56 659
932 668
185 649
681 916
376 947
444 854
68 90
594 510
739 307
608 174
313 6
168 799
479 913
281 544
138 251
696 705
841 568
238 72
755 222
976 209
530 568
177 928
716 275
219 365
919 878
186 606
316 641
639 298
355 893
427 280
963 890
837 861
287 871
114 460
503 194
285 779
661 146
313 450
822 775
635 131
835 453
133 485
624 656
894 864
434 848
809 802
937 373
367 736
606 403
38 431
459 838
631 996
479 267
959 573
781 269
285 734
588 793
390 855
340 50
13 244
452 532
678 238
917 942
719 502
885 967
648 429
44 718
830 949
693 201
690 216
909 58
224 327
557 919
889 72
487 99
311 145
605 141
974 962
137 807
409 10
927 456
314 905
787 372
690 284
103 305
310 117
628 496
521 794
885 463
888 93
177 256
290 225
93 748
722 28
137 658
394 3
483 232
189 862
445 692
343 213
807 362
829 814
449 674
506 565
413 7
919 797
66 125
728 964
746 475
405 488
159 692
638 303
425 474
341 214
33 141
821 92
768 344
833 181
355 998
678 860
560 972
913 462
380 403
364 872
950 995
682 133
593 358
963 628
381 823
535 544
918 133
520 455
763 195
329 481
536 625
467 193
585 688
359 261
904 836
984 50
468 131
865 881
210 710
984 417
748 74
3 175
405 271
373 187
780 461
874 496
430 178
637 591
709 450
774 646
634 754
393 570
301 225
214 706
736 78
755 858
619 645
423 338
885 419
814 865
703 525
621 893
323 966
567 123
842 598
275 683
633 427
101 197
984 827
261 277
778 129
284 602
266 509
87 7
381 294
272 806
437 116
793 452
428 409
160 967
163 732
937 753
797 389
907 717
303 460
53 622
949 122
532 214
459 194
741 248
949 491
878 451
575 97
613 830
796 370
134 617
856 541
768 467
588 236
311 887
627 622
119 587
907 824
165 158
298 497
583 82
313 724
869 129
990 911
905 440
106 338
231 482
378 946
108 111
74 427
862 128
54 44
411 336
361 925
822 818
677 21
382 997
329 255
239 868
701 911
633 809
960 55
905 666
140 129
382 884
358 205
178 351
767 99
50 410
384 482
666 504
995 620
27 654
344 570
988 227
291 21
366 699
597 529
410 429
156 664
379 828
585 121
938 773
624 465
225 378
926 712
799 90
125 385
343 462
348 352
120 255
194 538
915 550
608 20
168 661
527 998
45 337
209 364
802 204
474 429
239 111
92 468
99 536
101 74
633 775
102 669
822 186
327 760
384 844
298 782
670 126
708 821
363 812
401 527
938 318
795 731
318 84
237 156
754 6
245 19
564 315
322 186
488 334
865 780
545 210
74 666
844 106
596 763
354 250
355 143
874 997
982 504
160 431
860 988
791 103
562 518
490 637
715 108
199 919
735 97
627 872
576 918
919 382
10 964
905 468
365 858
516 250
312 568
244 947
335 484
445 356
649 793
455 591
645 555
889 435
339 78
213 617
839 997
199 586
940 572
425 537
300 931
83 85
456 353
111 547
974 999
775 658
409 45
598 743
663 10
145 539
779 292
118 600
780 251
839 664
515 382
918 873
477 503
447 259
915 725
897 34
951 147
845 940
495 23
470 979
163 809
868 984
812 74
674 423
967 750
586 619
57 415
794 636
51 697
712 221
362 602
73 901
627 490
480 897
572 997
851 754
698 259
497 66
617 337
226 539
428 752
748 765
808 826
368 753
789 537
26 795
522 932
428 647
472 815
381 673
367 626
389 892
122 819
378 153
929 799
436 365
218 462
220 82
1000 660
284 245
4 212
867 68
151 135
635 480
763 151
285 733
382 579
454 60
683 566
725 223
619 948
786 309
689 518
329 183
79 324
83 384
28 519
343 946
788 813
291 207
537 747
406 140
567 963
474 958
12 259
668 234
462 151
961 756
301 107
448 545
487 320
519 369
386 491
78 35
46 321
625 816
22 318
29 530
193 908
14 12
400 610
814 693
506 848
333 13
834 530
157 255
323 11
696 623
879 6
384 901
648 754
918 988
831 355
67 277
394 354
177 626
15 374
975 741
241 263
915 934
885 770
190 200
138 879
820 839
933 672
471 737
259 561
711 816
751 798
332 440
545 41
341 70
131 408
646 489
684 412
515 758
71 114
458 373
792 621
722 786
265 723
221 690
386 873
43 610
834 363
230 928
636 931
88 121
731 913
697 545
681 228
165 987
611 103
818 823
859 910
911 514
18 687
58 896
818 797
478 317
602 529
643 49
457 102
168 239
975 236
492 237
247 657
123 943
628 640
480 176
795 267
282 490
106 150
989 113
112 523
295 672
520 610
524 90
211 433
107 256
372 228
157 560
153 970
608 922
8 832
62 538
505 942
162 473
181 299
629 237
745 160
767 531
37 920
811 829
870 610
906 91
929 298
919 985
256 188
419 728
974 266
318 302
711 685
971 512
829 930
536 47
9 165
526 578
967 980
648 972
298 77
315 889
195 735
821 191
164 662
915 54
330 634
77 671
62 13
464 748
696 71
787 112
114 356
332 307
136 30
397 361
715 242
255 693
237 362
652 737
800 84
31 740
572 456
365 454
283 687
657 206
160 354
973 792
758 470
62 585
389 743
835 843
175 170
416 587
470 69
240 783
866 975
724 465
909 65
183 892
334 760
634 450
727 867
231 80
816 6
89 591
973 338
575 875
525 386
151 762
982 891
837 178
864 306
934 766
629 254
595 66
661 463
905 964
525 275
574 38
54 789
805 611
367 342
404 204
673 653
690 293
174 434
767 977
326 665
955 203
779 25
820 763
240 570
197 900
254 847
148 184
918 940
833 880
899 163
53 678
237 87
396 958
695 314
935 363
404 401
561 818
466 566
252 235
966 875
533 444
57 499
76 313
994 788
542 42
485 949
251 805
473 355
683 496
995 418
834 892
547 577
390 726
57 205
191 318
543 533
40 632
7 728
959 831
622 993
1 333
942 1000
532 294
770 681
610 936
679 145
451 988
912 602
92 986
532 559
934 207
683 973
460 578
469 508
531 369
880 61
558 922
26 363
819 426
342 725
229 59
596 184
743 315
926 873
533 811
469 734
454 258
862 415
277 267
975 164
840 633
571 507
438 822
371 337
49 501
124 943
897 775
123 420
519 648
534 463
611 712
560 854
119 789
484 438
619 309
419 293
978 204
962 713
104 737
417 196
148 92
736 448
336 276
390 241
731 189
327 590
698 46
441 63
464 104
462 743
931 444
591 138
785 685
357 324
385 689
5 248
750 927
946 774
394 417
507 40
604 634
643 890
860 748
497 466
856 551
667 279
530 472
34 523
96 816
442 955
207 633
155 466
265 694
697 521
814 2
915 332
661 816
791 737
958 274
729 106
895 957
199 264
539 249
944 887
304 662
782 911
895 770
17 247
352 642
179 871
914 398
535 450
406 18
769 436
139 437
451 615
552 548
328 506
880 775
6 88
455 963
847 461
975 184
245 411
942 51
444 581
68 484
514 564
332 820
156 600
319 227
228 738
813 557
987 631
823 229
671 945
15 35
224 904
206 8
44 163
405 798
894 484
732 455
751 357
525 148
665 394
335 106
1 549
157 254
177 736
622 498
642 618
185 237
350 721
946 968
198 814
163 546
385 620
3 973
280 326
212 897
656 993
52 234
308 156
806 439
953 97
260 287
946 810
213 281
964 551
324 902
329 820
848 649
982 71
105 753
308 434
340 496
683 230
536 98
575 476
247 191
252 727
787 196
94 278
921 890
408 931
26 542
579 934
563 301
839 104
967 55
776 34
100 530
728 283
130 114
178 196
360 767
70 958
566 851
127 315
454 25
511 88
319 961
981 344
106 610
584 302
313 920
245 93
359 485
880 212
990 153
594 606
830 550
154 15
993 57
447 902
692 515
948 693
790 144
22 14
336 769
814 26
62 799
555 207
379 933
639 3
680 613
236 534
839 639
535 196
136 876
391 204
606 747
572 847
764 679
234 130
146 800
914 950
414 533
901 912
742 106
732 52
646 876
229 30
266 104
929 440
693 399
513 57
864 851
388 539
926 31
114 161
579 441
450 255
877 708
270 402
146 740
863 625
864 945
60 866
995 393
812 305
968 975
99 440
590 330
668 400
725 737
513 391
53 292
146 390
312 994
636 115
194 410
650 591
786 182
39 294
186 886
377 685
530 179
21 152
75 18
90 349
406 670
250 20
217 197
239 896
114 583
886 233
706 259
190 688
639 483
236 438
420 189
442 597
244 601
889 292
227 653
841 864
709 753
412 521
217 487
236 453
737 744
330 142
534 53
957 483
481 42
784 871
3 559
753 984
260 740
689 990
802 663
608 746
76 912
607 500
420 482
187 489
685 298
528 491
68 316
984 733
783 889
419 42
918 208
741 531
200 102
908 414
638 357
15 836
988 108
700 517
817 92
728 593
267 127
159 165
508 265
788 683
334 181
819 811
452 192
789 79
133 432
996 389
780 902
103 601
309 490
20 115
279 978
103 686
307 713
751 2
698 506
256 153
989 649
167 77
719 544
890 866
941 550
232 8
747 859
768 228
730 475
281 875
446 111
649 432
484 821
492 360
868 147
284 124
750 155
130 918
406 715
833 221
890 294
230 783
138 745
503 281
951 869
952 189
937 175
645 230
243 964
339 645
302 507
829 789
14 431
628 773
58 311
744 427
282 879
688 806
364 231
130 299
826 956
943 231
208 302
433 346
396 170
947 120
157 947
908 205
965 780
453 56
537 525
554 597
852 402
692 763
435 594
760 305
305 20
780 102
994 847
549 959
167 604
149 945
654 682
71 812
183 150
831 538
923 711
432 218
452 149
551 651
41 232
167 642
6 772
114 782
85 789
390 158
893 958
305 445
588 688
77 145
524 464
293 969
719 663
613 176
565 829
626 829
50 102
204 363
276 872
775 374
725 583
274 517
30 315
694 834
213 260
470 413
220 844
977 847
143 414
385 850
170 472
800 959
769 333
285 953
85 28
359 653
326 350
227 487
947 990
749 406
696 350
715 10
131 237
630 187
631 918
508 943
403 769
762 82
780 341
875 209
178 713
861 798
917 540
511 133
575 806
938 537
908 241
767 84
491 857
554 585
684 904
791 164
153 240
709 491
432 265
306 302
474 956
129 289
844 818
426 827
916 379
451 388
694 448
72 847
73 410
410 209
382 511
755 835
921 21
941 426
966 519
613 498
151 123
984 450
704 144
31 311
883 84
372 471
963 172
926 32
712 108
309 34
624 322
719 619
698 969
48 276
780 733
776 706
739 514
691 935
935 190
90 34
510 863
596 1000
371 567
109 75
708 926
413 294
696 830
721 285
561 692
29 374
769 935
224 117
490 146
43 838
467 530
873 763
583 832
126 821
87 529
754 302
592 157
792 623
407 284
227 434
691 355
673 316
801 487
307 106
900 509
649 827
759 176
265 546
303 990
109 987
723 448
848 597
316 91
88 234
568 308
108 149
112 208
960 46
887 669
980 33
598 464
321 612
560 937
474 894
149 678
689 945
338 289
121 215
514 839
709 463
230 245
707 674
388 372
763 878
510 221
242 551
477 396
775 869
257 88
224 917
862 912
367 18
408 75
275 285
242 920
355 587
393 874
345 417
806 758
698 487
4 564
276 177
134 179
998 434
803 672
626 370
646 30
613 89
527 297
855 140
416 163
750 418
454 559
682 834
522 419
329 399
911 63
682 213
356 468
375 472
624 588
114 354
114 635
338 814
466 973
506 8
144 635
259 346
44 988
8 218
227 430
160 501
921 710
208 513
597 105
213 880
86 486
805 92
787 961
724 301
761 368
192 53
651 71
903 720
743 273
266 663
139 623
66 645
984 384
552 571
914 471
735 701
224 373
692 771
120 838
488 682
628 206
288 742
37 405
595 471
392 976
28 760
819 671
182 301
989 83
280 805
64 652
305 182
568 780
236 906
789 364
336 524
66 617
237 708
183 290
24 345
647 147
671 25
837 289
143 840
238 342
77 236
394 198
270 589
937 816
129 908
445 618
891 390
565 841
802 429
369 400
113 847
522 60
855 144
164 805
249 407
777 202
489 920
62 47
688 618
467 605
839 269
594 605
933 856
871 364
477 588
756 873
136 60
605 880
87 729
517 426
145 483
350 117
297 15
557 921
597 156
193 174
195 872
911 678
889 342
959 618
460 46
967 399
515 790
520 224
672 299
343 826
18 757
403 853
978 759
260 586
706 518
504 146
605 308
880 797
148 683
279 367
616 807
657 347
645 965
845 758
128 582
616 950
620 870
614 491
27 755
898 246
64 744
926 664
672 983
875 816
548 106
128 885
63 623
926 299
845 178
231 677
582 85
715 792
990 591
718 137
538 819
58 692
979 1
983 831
868 749
81 213
964 152
103 636
640 254
825 822
418 228
828 959
765 468
401 607
25 559
816 878
980 977
33 116
142 662
226 543
426 77
378 450
158 412
507 42
366 355
648 902
26 870
611 586
998 676
517 236
493 729
374 169
449 6
274 427
422 121
934 480
998 902
327 178
293 110
919 302
776 8
243 931
502 188
568 426
274 333
629 151
991 488
248 614
100 719
255 729
487 185
469 414
681 30
205 840
331 405
957 441
742 414
620 21
912 358
456 674
669 343
608 548
832 668
5 894
120 894
732 925
680 224
228 748
45 978
124 973
568 853
543 228
232 630
966 757
806 926
394 868
367 392
923 674
84 622
250 850
931 239
346 405
512 567
50 530
634 956
530 999
654 929
987 132
262 263
409 586
599 787
4 593
646 928
208 188
280 217
65 581
856 888
161 106
643 954
590 253
907 91
479 774
100 73
364 121
512 51
217 819
716 307
978 182
794 881
502 732
37 819
820 241
658 117
90 466
290 528
826 590
973 657
388 101
108 722
200 797
773 86
795 930
130 698
47 785
319 540
892 306
251 186
90 918
531 92
810 237
95 101
540 918
435 160
626 373
329 239
667 285
425 922
230 935
962 617
894 263
786 389
109 986
554 889
141 853
919 163
297 208
631 885
914 193
869 800
925 521
947 170
642 986
640 834
917 974
130 272
188 30
945 445
999 838
321 635
123 563
553 176
315 133
944 627
616 720
32 609
641 565
128 608
550 679
53 981
257 780
865 215
706 993
106 149
717 679
180 699
771 807
45 54
391 206
874 158
334 565
675 948
685 230
689 538
618 155
410 452
177 471
250 775
242 695
629 825
315 321
408 221
154 961
233 72
218 837
384 70
516 791
974 111
747 710
674 379
361 172
987 224
626 608
293 831
383 775
332 795
822 180
189 894
775 155
574 510
101 82
932 279
294 475
462 733
836 298
967 576
811 220
685 571
134 323
378 395
802 505
531 813
713 690
899 689
5 62
392 373
494 206
787 4
800 594
129 754
392 28
394 758
70 623
977 551
338 815
856 727
428 985
630 309
145 213
592 378
667 328
29 91
405 284
730 280
74 324
903 813
761 390
835 703
675 978
508 644
142 309
491 117
662 572
417 451
984 18
748 690
195 306
945 473
302 46
984 385
88 374
145 273
192 212
951 372
609 133
112 475
651 408
615 939
175 634
982 894
35 143
309 564
131 736
802 631
72 136
913 566
664 588
250 523
921 35
999 302
991 90
686 860
41 987
594 132
902 341
963 825
436 719
517 674
996 391
827 137
638 980
366 251
276 231
818 179
12 745
217 585
8 556
206 659
299 95
701 715
56 32
669 43
228 429
90 394
761 727
578 487
905 109
262 530
748 955
626 475
311 855
627 590
425 48
578 22
248 877
70 730
791 734
425 485
995 99
765 853
293 218
844 67
23 417
529 484
567 676
491 81
364 225
790 397
59 119
245 98
744 607
892 719
490 283
821 709
278 727
318 896
599 625
535 40
84 774
370 727
541 1000
15 821
699 400
457 797
206 128
244 115
211 727
989 295
77 429
311 739
280 945
813 121
997 748
724 948
11 3
672 839
710 643
974 52
423 278
290 218
903 927
219 213
742 131
409 621
224 858
152 393
964 296
547 768
769 270
347 294
350 651
976 214
405 586
565 940
860 632
826 312
799 805
521 270
8 343
981 668
342 110
181 804
293 698
721 311
597 492
47 911
530 471
385 733
679 250
994 648
833 270
449 5
839 496
786 252
53 395
667 658
99 69
501 345
853 180
764 337
344 412
731 536
147 699
22 549
902 697
471 37
678 144
458 63
991 491
481 374
325 813
496 980
255 428
97 838
773 565
387 390
236 433
121 72
122 499
184 658
738 201
494 947
509 418
827 773
776 581
574 281
524 803
227 933
836 429
505 715
822 536
804 51
921 249
461 656
244 32
727 661
84 649
747 187
949 651
805 599
441 412
427 657
475 141
83 261
487 546
709 729
64 915
671 208
360 362
984 504
718 21
646 790
774 219
379 260
779 179
306 946
355 702
509 697
538 601
798 911
656 996
215 779
958 241
271 995
394 576
19 85
661 526
228 357
673 464
123 25
949 259
381 420
545 665
568 105
994 287
190 776
469 351
325 81
848 952
460 566
762 914
65 418
857 958
773 664
120 590
192 43
69 379
269 105
731 770
98 413
51 624
149 676
995 742
944 628
157 889
433 241
804 448
642 487
169 954
697 880
97 76
957 702
619 67
512 775
782 571
291 124
405 492
63 704
738 446
276 935
228 528
928 934
639 947
950 203
989 367
827 124
977 303
478 780
101 544
784 329
417 272
418 75
827 493
43 563
604 249
107 947
633 49
238 299
827 346
361 307
404 505
133 709
81 28
376 560
267 899
362 527
551 947
552 979
42 641
906 214
247 344
672 627
752 806
272 938
189 607
673 146
857 429
30 369
623 146
695 609
937 517
702 263
742 516
908 508
346 861
98 626
756 992
542 383
726 8
998 877
13 627
624 590
274 97
539 535
770 705
865 709
288 65
153 705
812 880
304 883
545 811
378 76
360 591
588 463
940 737
255 726
911 765
951 544
32 23
350 441
724 366
725 147
212 58
583 213
93 329
701 906
796 930
391 510
963 638
13 392
434 863
236 343
278 20
634 462
546 828
193 406
965 934
583 507
676 175
552 85
37 403
131 850
944 751
373 267
196 372
785 465
272 300
805 926
813 387
870 96
589 604
76 881
257 9
949 104
484 414
289 664
200 45
358 340
813 165
413 823
784 437
642 783
228 874
626 901
661 130
693 532
850 829
834 598
525 979
343 152
259 879
242 13
538 622
492 827
446 131
858 195
406 320
788 234
423 177
765 272
843 746
714 661
217 923
181 880
38 219
423 919
104 355
982 386
605 989
786 153
739 139
955 966
283 177
967 107
109 895
476 646
845 815
872 654
430 307
910 249
516 80
934 195
866 141
26 452
909 447
734 428
865 451
94 15
477 925
540 253
602 546
235 87
507 682
17 29
152 460
832 35
373 205
637 784
636 709
658 931
326 829
188 182
528 443
358 226
675 700
568 972
718 578
421 552
297 602
739 456
580 615
176 869
140 896
332 664
732 682
659 769
404 236
81 809
428 26
84 596
893 970
340 958
348 675
439 954
831 404
983 825
470 980
717 365
111 994
497 906
732 313
764 107
332 860
24 85
846 817
828 808
925 130
232 38
622 308
915 148
755 341
21 537
134 264
372 771
623 202
604 774
601 754
77 112
190 51
18 128
327 398
844 52
259 758
901 75
379 236
375 386
322 266
161 648
113 151
846 713
155 470
763 61
752 298
734 366
865 525
351 585
50 275
362 329
228 50
770 568
938 738
79 684
246 183
193 313
40 148
991 379
353 179
117 394
799 564
191 867
714 220
861 795
14 571
46 66
41 782
642 480
550 729
932 250
127 819
790 136
847 457
64 296
690 52
799 362
452 839
533 602
141 814
477 308
614 351
84 650
767 183
521 947
851 232
653 354
413 989
196 467
676 965
663 713
816 192
229 405
945 940
451 167
423 309
393 738
547 961
604 22
24 2
632 215
9 466
159 412
716 591
592 709
699 891
828 861
523 169
820 989
638 892
73 932
402 786
898 655
169 549
646 49
581 163
315 995
800 641
512 53
786 940
73 821
113 960
169 950
557 539
347 616
164 127
527 327
612 125
260 426
100 169
670 341
857 370
753 129
899 629
312 953
169 848
587 262
71 105
223 983
22 335
65 48
709 999
411 44
284 214
32 167
735 23
773 886
812 796
669 677
123 727
754 527
277 764
213 970
162 844
511 213
499 565
120 702
83 306
727 997
283 308
508 829
624 126
953 920
386 55
813 764
689 950
374 742
538 181
923 501
486 127
534 169
763 17
19 972
83 129
125 262
354 144
828 317
590 871
650 525
153 499
228 529
598 915
713 235
662 188
716 855
934 917
430 624
932 722
758 708
7 158
745 171
323 93
417 128
733 922
119 320
432 963
950 389
592 673
840 708
894 695
488 442
221 665
471 275
169 513
940 506
198 660
218 254
845 435
336 141
502 830
838 836
450 925
345 241
398 101
801 802
539 633
833 324
14 181
752 404
308 402
237 468
313 508
498 748
481 610
762 725
925 285
810 207
8 221
192 874
579 902
304 884
855 717
994 403
140 569
568 356
347 971
296 103
45 596
66 529
438 525
204 679
688 100
631 712
562 465
339 952
349 111
437 435
261 925
176 747
794 63
392 979
746 788
486 27
378 624
676 63
605 587
917 307
221 198
816 426
92 546
414 343
72 138
550 931
117 438
183 142
439 800
405 112
318 947
444 730
564 943
620 547
516 870
993 887
595 167
944 93
655 641
106 312
324 503
436 713
220 288
573 740
742 229
692 219
968 162
968 830
806 514
266 411
674 12
510 696
95 618
205 150
968 896
290 372
94 662
9 196
467 101
551 180
316 619
557 611
209 509
967 574
431 266
397 678
720 15
459 117
316 986
593 260
9 934
179 338
334 658
368 425
562 945
855 608
397 392
250 440
739 27
499 862
322 457
148 993
791 841
558 556
260 791
120 536
55 907
89 355
222 193
398 277
669 542
636 599
654 370
396 166
593 876
905 696
47 271
895 75
684 636
623 952
793 703
810 743
278 49
762 284
31 795
993 64
25 470
84 887
340 729
289 601
987 622
291 55
241 832
810 793
97 81
525 306
943 551
269 628
571 220
866 528
16 132
816 293
448 761
220 889
396 633
474 361
646 665
777 734
560 218
82 402
233 6
213 453
570 399
936 406
224 719
929 356
552 541
94 848
280 192
858 309
458 647
976 200
719 512
121 923
950 764
937 563
833 482
320 731
502 759
164 836
146 443
479 6
459 128
612 90
706 131
640 317
109 64
991 166
942 926
364 914
934 2
97 521
458 543
265 697
105 826
469 185
861 711
723 666
740 708
578 235
248 762
451 959
456 63
697 527
130 664
717 756
539 252
528 619
982 760
785 92
18 837
438 602
101 571
994 202
939 727
249 1
691 86
606 71
165 771
131 911
369 680
653 46
175 478
639 133
931 852
454 355
809 368
611 956
405 357
840 410
514 199
879 987
606 865
295 698
745 515
338 91
637 533
49 20
12 152
328 221
96 105
560 920
44 265
45 96
504 336
162 348
971 990
145 906
333 947
663 712
757 285
962 695
410 542
50 521
290 248
608 99
129 190
348 294
646 645
775 35
929 407
668 884
741 410
686 501
194 975
67 103
180 654
882 288
521 590
24 178
318 308
708 228
552 904
94 735
371 650
752 651
627 381
259 567
806 825
160 144
252 270
916 719
167 375
778 296
709 117
390 63
972 102
748 558
169 82
817 919
565 579
606 487
181 728
240 172
245 231
26 539
133 325
62 373
456 916
436 394
217 283
666 555
776 39
269 22
17 69
58 795
19 531
903 859
725 253
857 813
969 683
477 857
809 178
198 231
166 497
39 893
500 283
857 862
692 775
264 538
547 467
425 603
637 584
653 163
430 804
160 603
680 223
296 712
235 461
456 14
59 123
120 123
598 912
163 137
996 543
172 73
746 98
855 324
747 455
159 610
59 857
461 101
884 446
48 470
8 543
414 165
578 986
803 727
896 83
552 981
20 203
739 302
603 34
217 739
788 208
167 53
100 104
161 484
790 969
369 121
890 822
150 956
993 751
981 850
621 331
323 408
725 731
312 999
591 803
895 653
437 561
665 854
27 317
959 924
195 995
70 765
735 229
113 350
477 661
259 350
631 52
544 496
504 557
700 297
109 810
293 35
983 591
411 184
123 754
478 401
844 690
631 858
100 642
528 691
359 439
176 541
999 871
164 54
244 836
45 885
391 265
374 707
562 120
81 707
582 183
430 832
110 724
173 98
452 47
509 74
497 642
940 772
500 819
116 441
586 924
950 213
185 989
885 384
614 70
318 515
138 493
450 395
163 818
884 892
545 109
650 256
358 659
822 2
370 197
744 458
462 653
120 484
397 688
492 560
57 501
223 416
67 204
621 525
470 27
147 228
989 821
858 112
87 262
713 851
843 748
717 139
703 72
468 671
735 315
4 985
189 323
65 221
337 592
545 235
476 785
368 426
665 818
406 716
338 782
728 442
856 367
672 962
19 365
352 926
813 895
784 523
657 787
285 754
754 453
97 974
919 375
157 597
49 547
1 640
39 948
89 659
535 436
867 412
889 436
966 80
568 607
254 326
213 14
404 537
888 764
960 153
616 811
840 639
13 315
822 563
285 625
377 327
727 754
73 257
693 782
858 648
827 216
421 935
561 404
528 91
894 16
714 378
453 470
951 123
612 801
854 866
799 39
676 818
381 20
811 605
812 178
372 329
689 441
764 603
266 90
824 672
237 565
80 958
195 65
356 84
472 617
760 720
522 396
985 685
87 181
414 927
897 487
368 665
170 163
85 340
583 565
569 31
327 507
899 650
493 15
961 325
526 943
873 625
123 126
218 512
249 128
553 627
933 995
139 567
90 284
643 542
791 654
407 129
399 302
394 730
182 899
956 702
44 928
995 896
955 34
624 886
291 521
662 520
362 752
4 354
265 922
269 66
917 950
349 180
694 896
960 455
583 159
605 483
145 333
374 504
914 539
2 713
761 14
266 570
319 710
585 216
548 463
128 567
464 826
116 239
80 688
314 913
580 468
449 894
513 309
77 17
760 48
577 910
484 336
267 186
915 758
564 791
638 896
430 709
508 189
570 416
807 397
632 217
851 441
530 882
181 242
845 171
512 408
143 170
953 250
424 834
712 335
750 395
394 262
721 135
189 425
707 436
564 331
565 62
358 788
350 900
299 326
601 970
530 715
956 636
992 907
425 252
84 423
726 82
229 666
70 662
937 345
921 892
204 840
243 786
373 847
429 557
925 680
381 433
947 912
804 527
640 988
866 192
938 821
688 366
106 733
325 893
60 254
305 878
192 544
127 182
934 920
519 778
95 404
467 85
178 32
197 452
816 712
914 492
700 445
633 902
897 679
843 431
737 928
151 356
64 310
120 896
547 419
175 610
89 997
272 195
41 522
211 438
193 839
710 812
803 154
415 192
632 571
251 537
258 285
102 60
49 128
267 73
840 149
569 953
219 880
935 542
479 674
225 455
686 308
964 62
802 817
324 413
570 469
129 153
594 47
67 437
17 739
647 72
685 789
615 125
319 235
600 851
730 654
640 186
968 791
940 357
63 22
873 158
320 583
565 880
693 171
878 233
631 499
355 812
473 4
374 932
518 473
262 667
639 853
584 677
935 128
756 995
890 413
990 656
937 292
354 238
282 627
688 722
726 126
769 823
682 496
568 892
479 314
799 859
212 359
674 652
587 437
26 495
375 495
31 626
602 730
30 835
14 324
862 136
620 458
714 131
94 451
398 598
956 68
620 987
887 636
157 937
714 18
681 491
496 844
945 302
140 8
931 879
288 763
474 974
291 140
708 273
309 954
723 145
941 186
799 917
598 723
88 408
628 274
625 112
427 589
532 420
681 534
633 365
483 649
306 725
873 497
132 829
243 82
23 656
621 857
271 650
698 162
384 38
774 279
710 748
410 710
965 392
627 105
483 417
564 638
910 614
305 522
608 266
684 183
137 396
266 360
565 852
713 705
613 120
725 542
156 367
812 148
324 949
75 918
756 592
939 144
317 284
190 26
446 480
48 575
86 91
19 142
241 34
276 551
631 245
748 951
490 835
678 910
13 287
563 506
601 179
787 770
147 675
173 735
778 963
537 836
990 942
633 755
64 178
212 490
127 249
757 850
978 609
349 909
924 351
459 512
478 508
406 9
689 611
947 279
75 624
993 469
846 933
438 777
119 972
533 948
246 250
202 708
349 275
760 166
24 76
759 588
234 181
419 349
24 267
97 363
320 803
281 156
64 540
799 38
380 766
945 790
983 826
949 966
328 784
662 469
242 842
778 254
119 560
934 909
29 808
410 730
986 381
536 388
720 417
168 776
613 186
436 973
238 81
294 487
333 323
778 3
780 646
793 530
109 284
972 926
886 764
963 5
880 218
527 364
674 240
656 779
15 56
18 364
660 835
165 491
555 31
863 537
445 875
892 180
929 934
749 221
878 387
237 9
464 683
595 321
930 584
255 741
991 49
518 707
58 535
602 368
226 92
731 909
805 398
697 834
517 282
98 2
425 818
909 416
839 163
643 332
455 666
439 305
466 1000
709 691
875 215
253 599
917 550
439 422
386 46
64 444
843 147
16 63
325 75
199 550
596 74
762 318
512 831
219 585
572 51
704 251
300 782
233 309
16 221
269 517
932 475
989 150
774 546
645 954
889 802
653 178
211 266
283 873
12 361
380 659
145 904
686 281
45 239
798 311
264 995
241 65
712 856
662 262
443 476
707 891
263 751
659 764
732 478
533 27
493 430
136 243
281 410
673 936
730 683
487 828
746 433
949 252
109 367
308 312
242 80
688 421
569 131
744 33
83 757
13 762
570 997
294 237
462 791
912 876
752 619
270 74
878 415
887 826
311 874
811 290
43 700
669 896
198 472
456 775
38 113
39 648
485 700
99 101
49 904
433 553
218 605
471 829
240 61
97 900
830 892
356 739
964 994
568 331
335 311
728 145
321 717
140 263
378 790
930 929
112 214
511 214
993 771
956 929
574 496
667 62
120 705
541 537
231 215
13 96
126 507
346 703
861 892
274 588
629 448
253 372
978 696
488 692
235 161
254 415
737 935
899 464
405 391
425 601
459 695
429 1
840 440
861 2
805 998
112 515
78 878
645 781
25 396
799 216
277 46
499 114
327 856
694 18
452 993
189 919
279 737
859 733
667 664
797 713
46 583
766 246
225 672
46 950
431 940
90 238
253 370
499 599
542 54
321 466
36 867
427 202
835 217
657 745
180 386
915 209
366 429
186 543
815 616
109 117
990 518
129 757
403 274
464 740
768 779
768 428
223 2
801 276
967 131
238 581
539 408
282 995
544 498
999 562
800 108
57 674
905 423
356 647
359 288
733 904
598 391
362 471
587 146
97 130
689 582
343 925
222 778
79 903
410 144
999 246
625 517
663 447
244 945
211 484
727 238
214 773
732 834
663 300
280 811
101 445
192 503
926 678
672 961
175 758
159 29
92 80
935 940
211 706
971 920
805 764
724 413
449 982
176 42
451 96
110 423
536 314
483 595
85 747
637 430
394 192
128 467
436 891
988 824
737 504
702 634
902 104
65 663
238 442
275 428
792 66
664 963
885 849
68 669
769 342
699 533
311 964
270 224
312 22
566 470
223 209
850 534
65 211
514 920
843 972
950 928
474 801
682 66
222 283
350 236
703 103
13 996
970 473
365 273
297 113
136 433
32 226
252 901
714 38
574 174
170 656
283 677
563 155
801 530
808 813
331 495
106 439
905 556
545 533
965 868
415 327
809 136
277 418
973 901
454 560
373 201
139 385
535 39
314 665
80 971
46 80
943 962
967 952
377 793
646 178
931 923
201 186
573 434
154 864
600 464
90 610
362 911
629 843
386 399
44 183
651 153
210 203
233 122
567 5
387 742
780 156
797 512
33 145
340 809
457 755
371 682
101 4
362 560
367 193
632 302
617 62
94 742
976 203
828 804
885 821
502 603
599 107
46 857
547 660
821 477
125 992
953 77
972 927
977 823
560 281
355 871
512 220
330 555
635 812
13 550
489 894
916 677
331 79
190 902
283 224
568 137
817 872
179 435
764 366
765 899
36 639
218 582
881 142
865 513
43 625
766 835
711 70
992 652
574 330
352 238
815 100
213 818
466 366
768 763
72 521
514 416
273 278
666 359
114 872
904 688
447 874
567 933
876 332
795 294
11 759
837 175
50 851
239 389
521 99
637 530
638 341
606 759
183 66
240 217
408 344
85 976
214 700
215 365
695 39
970 738
277 122
82 482
10 263
928 782
223 695
828 635
82 373
125 731
30 237
909 726
659 767
769 67
552 621
203 651
775 173
245 840
525 902
730 680
911 413
968 253
794 329
534 700
186 294
284 189
262 915
856 894
105 334
380 80
199 492
471 267
307 125
241 318
313 153
696 372
941 615
797 793
733 873
678 666
915 180
627 382
503 399
518 499
80 11
703 61
317 113
998 747
857 453
238 844
705 649
291 615
247 6
907 953
125 742
995 936
578 192
958 468
708 699
348 486
408 939
226 910
498 619
84 272
212 333
708 714
967 47
291 598
610 872
312 667
131 161
964 995
17 58
45 620
162 840
588 646
457 412
995 668
689 601
840 731
61 371
549 142
272 182
92 303
461 734
391 183
68 448
568 904
516 616
684 762
652 24
521 329
92 77
521 979
262 307
728 637
14 257
935 536
78 59
376 855
505 949
767 949
769 62
823 999
917 110
902 498
851 486
430 743
215 87
699 810
516 940
108 227
456 644
980 895
114 217
962 299
800 562
30 491
87 142
5 151
610 712
60 745
591 703
151 514
206 603
32 394
887 587
627 715
241 4
350 870
453 94
133 132
467 582
433 874
730 192
860 835
477 609
260 25
924 32
763 8
505 962
748 988
89 105
221 636
26 634
122 227
395 643
808 424
40 818
147 758
225 909
630 331
353 285
151 198
802 474
482 251
307 508
329 276
790 507
113 445
373 67
595 256
322 643
383 62
666 300
648 367
188 56
118 825
690 150
230 679
162 991
36 996
934 533
225 37
633 928
649 651
478 617
400 999
845 715
226 414
426 875
325 403
989 172
815 7
832 873
172 266
598 832
254 154
58 481
851 164
634 540
68 218
803 9
736 100
129 74
176 43
964 519
905 9
215 123
492 668
642 955
202 866
963 109
512 467
531 625
949 130
379 874
945 603
820 913
569 407
200 494
646 253
906 326
104 291
530 602
949 420
294 219
276 946
189 495
484 829
454 925
973 495
308 370
545 857
618 881
626 292
956 661
333 882
541 269
305 557
86 426
749 426
531 267
368 139
226 41
362 441
325 819
363 128
553 464
874 942
814 265
477 411
744 581
636 595
718 677
420 40
884 597
362 347
951 289
933 278
496 525
188 179
596 48
956 405
28 676
984 274
692 707
141 323
269 654
721 696
292 241
663 450
757 483
353 997
707 521
125 345
847 22
707 611
942 254
382 459
957 999
443 325
233 121
409 817
860 50
491 689
653 664
427 841
945 788
710 532
289 808
992 361
556 170
111 881
355 571
30 1
355 230
241 384
428 452
232 221
938 393
224 545
565 423
817 572
937 253
252 119
354 451
98 156
76 52
407 1
645 32
631 219
902 913
669 954
692 77
199 79
809 815
612 164
251 260
201 575
496 469
437 999
297 108
613 606
118 212
195 845
491 418
808 352
365 389
501 69
304 655
732 711
279 902
168 110
991 358
23 48
687 25
943 131
784 776
969 284
886 459
245 497
931 856
658 896
952 669
41 898
153 248
26 118
980 235
253 951
70 279
793 776
44 374
872 783
130 316
541 966
656 112
228 634
230 216
533 839
723 425
644 899
28 989
141 730
534 339
23 730
634 822
332 893
954 971
356 75
229 195
